pixelID mppcID probability
1 1 0.00054
1 2 0.000516
1 3 0.000522
1 4 0.0005
1 5 0.000564
1 6 0.000478
1 7 0.000506
1 8 0.000472
2 1 0.00059
2 2 0.00052
2 3 0.000534
2 4 0.000518
2 5 0.000474
2 6 0.000536
2 7 0.000508
2 8 0.000522
3 1 0.000622
3 2 0.000496
3 3 0.000516
3 4 0.000458
3 5 0.000458
3 6 0.00044
3 7 0.00054
3 8 0.000592
4 1 0.000758
4 2 0.000618
4 3 0.00047
4 4 0.000524
4 5 0.000426
4 6 0.000464
4 7 0.000534
4 8 0.000666
5 1 0.000764
5 2 0.000648
5 3 0.000494
5 4 0.00042
5 5 0.00044
5 6 0.00042
5 7 0.00049
5 8 0.000644
6 1 0.000848
6 2 0.0006
6 3 0.000496
6 4 0.000402
6 5 0.00036
6 6 0.000438
6 7 0.000478
6 8 0.000574
7 1 0.000996
7 2 0.000678
7 3 0.000426
7 4 0.000344
7 5 0.000384
7 6 0.00037
7 7 0.000442
7 8 0.000636
8 1 0.001282
8 2 0.000678
8 3 0.000454
8 4 0.000388
8 5 0.000462
8 6 0.000384
8 7 0.000418
8 8 0.000684
9 1 0.001334
9 2 0.000654
9 3 0.000402
9 4 0.000382
9 5 0.000408
9 6 0.00043
9 7 0.000414
9 8 0.000664
10 1 0.001794
10 2 0.000718
10 3 0.00044
10 4 0.000552
10 5 0.000466
10 6 0.000558
10 7 0.000464
10 8 0.000648
11 1 0.002146
11 2 0.000716
11 3 0.000524
11 4 0.000616
11 5 0.000618
11 6 0.000654
11 7 0.000504
11 8 0.00076
12 1 0.00293
12 2 0.000712
12 3 0.00071
12 4 0.000738
12 5 0.000726
12 6 0.000804
12 7 0.000636
12 8 0.000628
13 1 0.004414
13 2 0.000658
13 3 0.000946
13 4 0.00084
13 5 0.00094
13 6 0.000872
13 7 0.000898
13 8 0.000614
14 1 0.008236
14 2 0.000746
14 3 0.001032
14 4 0.00092
14 5 0.00101
14 6 0.00095
14 7 0.001068
14 8 0.000792
15 1 0.027968
15 2 0.001084
15 3 0.001214
15 4 0.001068
15 5 0.00099
15 6 0.00105
15 7 0.001082
15 8 0.000948
16 1 0.000532
16 2 0.00055
16 3 0.000564
16 4 0.00057
16 5 0.00053
16 6 0.00057
16 7 0.000508
16 8 0.00044
17 1 0.000432
17 2 0.000472
17 3 0.000514
17 4 0.000524
17 5 0.00062
17 6 0.000546
17 7 0.000482
17 8 0.00048
18 1 0.000398
18 2 0.000382
18 3 0.000474
18 4 0.000606
18 5 0.000674
18 6 0.00061
18 7 0.000506
18 8 0.000426
19 1 0.000428
19 2 0.00042
19 3 0.000462
19 4 0.00058
19 5 0.00074
19 6 0.00067
19 7 0.00046
19 8 0.000396
20 1 0.00042
20 2 0.000382
20 3 0.000396
20 4 0.000666
20 5 0.000842
20 6 0.000678
20 7 0.000454
20 8 0.000334
21 1 0.000448
21 2 0.00043
21 3 0.000424
21 4 0.000674
21 5 0.000958
21 6 0.000664
21 7 0.000448
21 8 0.000454
22 1 0.00041
22 2 0.00036
22 3 0.000432
22 4 0.000674
22 5 0.001134
22 6 0.000684
22 7 0.000496
22 8 0.000372
23 1 0.00044
23 2 0.000382
23 3 0.000416
23 4 0.000662
23 5 0.001414
23 6 0.000632
23 7 0.000442
23 8 0.00039
24 1 0.000454
24 2 0.000528
24 3 0.000432
24 4 0.000628
24 5 0.001726
24 6 0.000708
24 7 0.000462
24 8 0.00054
25 1 0.000624
25 2 0.000678
25 3 0.000556
25 4 0.00067
25 5 0.00221
25 6 0.000668
25 7 0.000572
25 8 0.000652
26 1 0.00074
26 2 0.000738
26 3 0.000618
26 4 0.000688
26 5 0.00293
26 6 0.000686
26 7 0.000698
26 8 0.00074
27 1 0.000934
27 2 0.0009
27 3 0.000878
27 4 0.000664
27 5 0.004284
27 6 0.000666
27 7 0.000856
27 8 0.000866
28 1 0.001094
28 2 0.00096
28 3 0.001024
28 4 0.000704
28 5 0.00839
28 6 0.000812
28 7 0.001118
28 8 0.000938
29 1 0.001042
29 2 0.001044
29 3 0.001114
29 4 0.001142
29 5 0.027768
29 6 0.00105
29 7 0.001196
29 8 0.001056
30 1 0.00051
30 2 0.000578
30 3 0.000618
30 4 0.000506
30 5 0.000518
30 6 0.000502
30 7 0.000472
30 8 0.000464
31 1 0.000458
31 2 0.000594
31 3 0.000492
31 4 0.000606
31 5 0.000484
31 6 0.00046
31 7 0.000506
31 8 0.00052
32 1 0.000662
32 2 0.000688
32 3 0.00054
32 4 0.000476
32 5 0.000468
32 6 0.00051
32 7 0.000432
32 8 0.000526
33 1 0.0007
33 2 0.000688
33 3 0.00058
33 4 0.00043
33 5 0.000462
33 6 0.000414
33 7 0.000448
33 8 0.00058
34 1 0.000704
34 2 0.00074
34 3 0.000514
34 4 0.00047
34 5 0.000468
34 6 0.0004
34 7 0.000428
34 8 0.00057
35 1 0.000814
35 2 0.000762
35 3 0.000458
35 4 0.000386
35 5 0.000374
35 6 0.000338
35 7 0.000462
35 8 0.000578
36 1 0.000962
36 2 0.000796
36 3 0.000464
36 4 0.0004
36 5 0.00044
36 6 0.000402
36 7 0.000434
36 8 0.000572
37 1 0.001164
37 2 0.000832
37 3 0.000438
37 4 0.000352
37 5 0.00041
37 6 0.00037
37 7 0.000394
37 8 0.000558
38 1 0.001428
38 2 0.000716
38 3 0.000496
38 4 0.00041
38 5 0.000384
38 6 0.000434
38 7 0.00041
38 8 0.00058
39 1 0.001692
39 2 0.000766
39 3 0.000488
39 4 0.000522
39 5 0.000492
39 6 0.000608
39 7 0.000446
39 8 0.000626
40 1 0.00216
40 2 0.000734
40 3 0.000542
40 4 0.00067
40 5 0.000612
40 6 0.000638
40 7 0.000556
40 8 0.000612
41 1 0.0027
41 2 0.00076
41 3 0.000666
41 4 0.00078
41 5 0.000764
41 6 0.000882
41 7 0.000814
41 8 0.000612
42 1 0.003658
42 2 0.000748
42 3 0.000804
42 4 0.000862
42 5 0.000838
42 6 0.000898
42 7 0.000898
42 8 0.000714
43 1 0.005262
43 2 0.000664
43 3 0.001082
43 4 0.000958
43 5 0.001082
43 6 0.001018
43 7 0.001074
43 8 0.000724
44 1 0.004834
44 2 0.001026
44 3 0.001136
44 4 0.001056
44 5 0.00109
44 6 0.001062
44 7 0.00106
44 8 0.001078
45 1 0.000472
45 2 0.000494
45 3 0.000572
45 4 0.000596
45 5 0.000584
45 6 0.000438
45 7 0.00053
45 8 0.000518
46 1 0.00046
46 2 0.000524
46 3 0.00051
46 4 0.000676
46 5 0.000632
46 6 0.00059
46 7 0.000536
46 8 0.000468
47 1 0.000386
47 2 0.000424
47 3 0.000558
47 4 0.000674
47 5 0.000624
47 6 0.000526
47 7 0.000416
47 8 0.000444
48 1 0.000422
48 2 0.000428
48 3 0.000518
48 4 0.00069
48 5 0.000772
48 6 0.000502
48 7 0.000444
48 8 0.000418
49 1 0.000338
49 2 0.000404
49 3 0.000466
49 4 0.000688
49 5 0.00075
49 6 0.000594
49 7 0.000448
49 8 0.00042
50 1 0.000394
50 2 0.00039
50 3 0.000554
50 4 0.000712
50 5 0.001018
50 6 0.000608
50 7 0.000386
50 8 0.000322
51 1 0.000426
51 2 0.000358
51 3 0.000484
51 4 0.00078
51 5 0.001052
51 6 0.00063
51 7 0.000406
51 8 0.000424
52 1 0.00039
52 2 0.000434
52 3 0.000458
52 4 0.000714
52 5 0.001294
52 6 0.000596
52 7 0.0004
52 8 0.000452
53 1 0.000484
53 2 0.000524
53 3 0.000424
53 4 0.000748
53 5 0.001768
53 6 0.000616
53 7 0.000478
53 8 0.00055
54 1 0.000604
54 2 0.000634
54 3 0.000502
54 4 0.000716
54 5 0.001984
54 6 0.000614
54 7 0.000564
54 8 0.00069
55 1 0.000682
55 2 0.000828
55 3 0.000702
55 4 0.000662
55 5 0.0027
55 6 0.000638
55 7 0.00074
55 8 0.00076
56 1 0.000878
56 2 0.00088
56 3 0.000808
56 4 0.000716
56 5 0.003952
56 6 0.00064
56 7 0.000912
56 8 0.000868
57 1 0.001002
57 2 0.001032
57 3 0.00108
57 4 0.000816
57 5 0.005454
57 6 0.000786
57 7 0.001046
57 8 0.000904
58 1 0.00108
58 2 0.001048
58 3 0.001052
58 4 0.00105
58 5 0.00506
58 6 0.001088
58 7 0.001096
58 8 0.00106
59 1 0.000512
59 2 0.000626
59 3 0.000626
59 4 0.00061
59 5 0.000544
59 6 0.000498
59 7 0.000426
59 8 0.0005
60 1 0.000564
60 2 0.000622
60 3 0.000616
60 4 0.000568
60 5 0.000452
60 6 0.000492
60 7 0.000452
60 8 0.000468
61 1 0.000584
61 2 0.000668
61 3 0.000648
61 4 0.000476
61 5 0.000408
61 6 0.000462
61 7 0.000488
61 8 0.000448
62 1 0.000628
62 2 0.000734
62 3 0.00053
62 4 0.000476
62 5 0.000416
62 6 0.000456
62 7 0.000396
62 8 0.000548
63 1 0.000712
63 2 0.000808
63 3 0.000526
63 4 0.000378
63 5 0.000426
63 6 0.000354
63 7 0.000476
63 8 0.000538
64 1 0.00082
64 2 0.000838
64 3 0.000508
64 4 0.000424
64 5 0.000356
64 6 0.000394
64 7 0.000448
64 8 0.000514
65 1 0.00089
65 2 0.000836
65 3 0.000512
65 4 0.000402
65 5 0.000444
65 6 0.000362
65 7 0.000434
65 8 0.000518
66 1 0.001046
66 2 0.000886
66 3 0.00051
66 4 0.000414
66 5 0.000426
66 6 0.00041
66 7 0.000318
66 8 0.000564
67 1 0.001332
67 2 0.000846
67 3 0.000444
67 4 0.000496
67 5 0.000534
67 6 0.000496
67 7 0.000378
67 8 0.000514
68 1 0.00152
68 2 0.000934
68 3 0.000442
68 4 0.00058
68 5 0.000534
68 6 0.000566
68 7 0.000498
68 8 0.00056
69 1 0.001876
69 2 0.000902
69 3 0.00048
69 4 0.000652
69 5 0.000612
69 6 0.000704
69 7 0.00062
69 8 0.000586
70 1 0.002116
70 2 0.00084
70 3 0.00064
70 4 0.00091
70 5 0.00088
70 6 0.00078
70 7 0.000822
70 8 0.000598
71 1 0.00276
71 2 0.000736
71 3 0.000916
71 4 0.000936
71 5 0.000986
71 6 0.000872
71 7 0.001014
71 8 0.000678
72 1 0.00283
72 2 0.000762
72 3 0.001058
72 4 0.000942
72 5 0.000974
72 6 0.000954
72 7 0.00112
72 8 0.00087
73 1 0.001536
73 2 0.001026
73 3 0.001166
73 4 0.001116
73 5 0.001042
73 6 0.00105
73 7 0.001144
73 8 0.00114
74 1 0.000434
74 2 0.000568
74 3 0.000584
74 4 0.000698
74 5 0.000516
74 6 0.000516
74 7 0.000406
74 8 0.00038
75 1 0.00046
75 2 0.000516
75 3 0.00062
75 4 0.000682
75 5 0.000616
75 6 0.000498
75 7 0.000434
75 8 0.000454
76 1 0.000434
76 2 0.000464
76 3 0.000636
76 4 0.000738
76 5 0.000668
76 6 0.00051
76 7 0.000444
76 8 0.000424
77 1 0.000408
77 2 0.000402
77 3 0.000546
77 4 0.000736
77 5 0.00074
77 6 0.000512
77 7 0.000422
77 8 0.000368
78 1 0.000366
78 2 0.000406
78 3 0.000504
78 4 0.000852
78 5 0.000838
78 6 0.000502
78 7 0.00047
78 8 0.000424
79 1 0.000394
79 2 0.000382
79 3 0.000552
79 4 0.000912
79 5 0.00093
79 6 0.0005
79 7 0.000412
79 8 0.000402
80 1 0.000414
80 2 0.00038
80 3 0.000434
80 4 0.000924
80 5 0.001038
80 6 0.00054
80 7 0.00036
80 8 0.000424
81 1 0.000454
81 2 0.000384
81 3 0.000486
81 4 0.000912
81 5 0.0012
81 6 0.000554
81 7 0.000382
81 8 0.000458
82 1 0.000526
82 2 0.000542
82 3 0.00046
82 4 0.000832
82 5 0.001558
82 6 0.000534
82 7 0.000478
82 8 0.000544
83 1 0.000586
83 2 0.000684
83 3 0.00054
83 4 0.000846
83 5 0.001714
83 6 0.000602
83 7 0.000606
83 8 0.000648
84 1 0.000764
84 2 0.0009
84 3 0.000634
84 4 0.000794
84 5 0.002218
84 6 0.000564
84 7 0.000704
84 8 0.000836
85 1 0.000982
85 2 0.00093
85 3 0.000858
85 4 0.000786
85 5 0.00269
85 6 0.000622
85 7 0.000958
85 8 0.000966
86 1 0.001024
86 2 0.000988
86 3 0.00102
86 4 0.000726
86 5 0.002724
86 6 0.000822
86 7 0.001116
86 8 0.000934
87 1 0.001122
87 2 0.00102
87 3 0.001184
87 4 0.001068
87 5 0.001592
87 6 0.001134
87 7 0.001048
87 8 0.00101
88 1 0.000506
88 2 0.000654
88 3 0.000656
88 4 0.000618
88 5 0.000498
88 6 0.00042
88 7 0.00043
88 8 0.000418
89 1 0.000606
89 2 0.000686
89 3 0.000716
89 4 0.000568
89 5 0.000466
89 6 0.000386
89 7 0.000426
89 8 0.000468
90 1 0.00061
90 2 0.00078
90 3 0.000648
90 4 0.00052
90 5 0.00035
90 6 0.000452
90 7 0.00042
90 8 0.000462
91 1 0.000668
91 2 0.000806
91 3 0.000702
91 4 0.000492
91 5 0.00043
91 6 0.000428
91 7 0.000422
91 8 0.000442
92 1 0.000698
92 2 0.000902
92 3 0.000586
92 4 0.000454
92 5 0.000378
92 6 0.00044
92 7 0.000384
92 8 0.000526
93 1 0.00074
93 2 0.000948
93 3 0.000554
93 4 0.000382
93 5 0.000386
93 6 0.000362
93 7 0.00037
93 8 0.000488
94 1 0.000896
94 2 0.00094
94 3 0.00055
94 4 0.000444
94 5 0.000394
94 6 0.000394
94 7 0.000368
94 8 0.000446
95 1 0.001032
95 2 0.000968
95 3 0.000482
95 4 0.000386
95 5 0.000436
95 6 0.000432
95 7 0.000434
95 8 0.00053
96 1 0.001144
96 2 0.00109
96 3 0.000486
96 4 0.000438
96 5 0.000544
96 6 0.000522
96 7 0.000464
96 8 0.000466
97 1 0.001286
97 2 0.001024
97 3 0.000472
97 4 0.000518
97 5 0.000596
97 6 0.000604
97 7 0.00052
97 8 0.000558
98 1 0.001432
98 2 0.00096
98 3 0.000524
98 4 0.000654
98 5 0.00068
98 6 0.000734
98 7 0.000686
98 8 0.000508
99 1 0.001814
99 2 0.000892
99 3 0.000666
99 4 0.000846
99 5 0.000884
99 6 0.000904
99 7 0.000838
99 8 0.000624
100 1 0.00179
100 2 0.000766
100 3 0.000844
100 4 0.000876
100 5 0.00102
100 6 0.000812
100 7 0.000958
100 8 0.000716
101 1 0.001488
101 2 0.000786
101 3 0.001126
101 4 0.000938
101 5 0.000982
101 6 0.000902
101 7 0.00104
101 8 0.000918
102 1 0.001084
102 2 0.001032
102 3 0.001218
102 4 0.001076
102 5 0.001098
102 6 0.001004
102 7 0.001118
102 8 0.00116
103 1 0.000514
103 2 0.00055
103 3 0.000614
103 4 0.000702
103 5 0.000538
103 6 0.000464
103 7 0.000428
103 8 0.000444
104 1 0.000428
104 2 0.000512
104 3 0.000634
104 4 0.000762
104 5 0.000572
104 6 0.000456
104 7 0.000412
104 8 0.000402
105 1 0.00044
105 2 0.000472
105 3 0.00058
105 4 0.000804
105 5 0.000686
105 6 0.000488
105 7 0.000408
105 8 0.000388
106 1 0.000402
106 2 0.000496
106 3 0.000662
106 4 0.000834
106 5 0.000712
106 6 0.00051
106 7 0.000372
106 8 0.000392
107 1 0.00042
107 2 0.000418
107 3 0.000574
107 4 0.00091
107 5 0.000776
107 6 0.000478
107 7 0.000372
107 8 0.00039
108 1 0.000422
108 2 0.00037
108 3 0.00053
108 4 0.001002
108 5 0.00082
108 6 0.000476
108 7 0.00039
108 8 0.000414
109 1 0.000448
109 2 0.000438
109 3 0.000492
109 4 0.001066
109 5 0.001036
109 6 0.000506
109 7 0.000432
109 8 0.000372
110 1 0.00041
110 2 0.000474
110 3 0.000504
110 4 0.001
110 5 0.00114
110 6 0.00043
110 7 0.000446
110 8 0.000452
111 1 0.000494
111 2 0.000604
111 3 0.000454
111 4 0.001008
111 5 0.001274
111 6 0.000552
111 7 0.000546
111 8 0.000596
112 1 0.000658
112 2 0.000664
112 3 0.000504
112 4 0.001038
112 5 0.001498
112 6 0.000568
112 7 0.00067
112 8 0.00072
113 1 0.000788
113 2 0.000922
113 3 0.000634
113 4 0.000898
113 5 0.001698
113 6 0.000646
113 7 0.00084
113 8 0.00086
114 1 0.00084
114 2 0.000956
114 3 0.000882
114 4 0.000784
114 5 0.001784
114 6 0.000766
114 7 0.000964
114 8 0.0009
115 1 0.000986
115 2 0.000992
115 3 0.001044
115 4 0.000822
115 5 0.001526
115 6 0.000894
115 7 0.00115
115 8 0.000934
116 1 0.001062
116 2 0.000988
116 3 0.001192
116 4 0.001094
116 5 0.001118
116 6 0.001196
116 7 0.001074
116 8 0.001026
117 1 0.000462
117 2 0.000612
117 3 0.000744
117 4 0.000626
117 5 0.00053
117 6 0.000436
117 7 0.000396
117 8 0.000434
118 1 0.00051
118 2 0.000706
118 3 0.000794
118 4 0.00061
118 5 0.000422
118 6 0.000432
118 7 0.000462
118 8 0.000472
119 1 0.000588
119 2 0.000678
119 3 0.000654
119 4 0.000568
119 5 0.00039
119 6 0.000398
119 7 0.000418
119 8 0.000472
120 1 0.000626
120 2 0.000842
120 3 0.000642
120 4 0.000466
120 5 0.000398
120 6 0.000458
120 7 0.000416
120 8 0.000474
121 1 0.000682
121 2 0.000982
121 3 0.000644
121 4 0.000472
121 5 0.000356
121 6 0.000402
121 7 0.000442
121 8 0.000446
122 1 0.000724
122 2 0.00104
122 3 0.000646
122 4 0.00043
122 5 0.000368
122 6 0.000434
122 7 0.000412
122 8 0.000422
123 1 0.000754
123 2 0.001154
123 3 0.000574
123 4 0.000416
123 5 0.000388
123 6 0.00042
123 7 0.000436
123 8 0.000464
124 1 0.000928
124 2 0.001258
124 3 0.00047
124 4 0.000444
124 5 0.000422
124 6 0.000496
124 7 0.000484
124 8 0.000426
125 1 0.000978
125 2 0.001254
125 3 0.000578
125 4 0.000504
125 5 0.000542
125 6 0.000504
125 7 0.000504
125 8 0.00052
126 1 0.001112
126 2 0.001226
126 3 0.00047
126 4 0.00056
126 5 0.000646
126 6 0.000656
126 7 0.000618
126 8 0.000514
127 1 0.001236
127 2 0.00119
127 3 0.00047
127 4 0.000772
127 5 0.00077
127 6 0.000732
127 7 0.000742
127 8 0.000538
128 1 0.001314
128 2 0.00096
128 3 0.000664
128 4 0.000874
128 5 0.000836
128 6 0.000866
128 7 0.000816
128 8 0.000638
129 1 0.001252
129 2 0.000898
129 3 0.000896
129 4 0.000962
129 5 0.00098
129 6 0.00101
129 7 0.00099
129 8 0.000716
130 1 0.001052
130 2 0.000922
130 3 0.00106
130 4 0.001002
130 5 0.001044
130 6 0.000914
130 7 0.001068
130 8 0.001082
131 1 0.000434
131 2 0.000602
131 3 0.000722
131 4 0.000612
131 5 0.000514
131 6 0.000432
131 7 0.0004
131 8 0.000448
132 1 0.000396
132 2 0.000462
132 3 0.0007
132 4 0.000758
132 5 0.000516
132 6 0.000488
132 7 0.000402
132 8 0.0004
133 1 0.00052
133 2 0.000508
133 3 0.000694
133 4 0.000842
133 5 0.0006
133 6 0.000448
133 7 0.000384
133 8 0.000398
134 1 0.000352
134 2 0.000454
134 3 0.000678
134 4 0.000938
134 5 0.000694
134 6 0.000462
134 7 0.000384
134 8 0.000374
135 1 0.000402
135 2 0.000428
135 3 0.000618
135 4 0.000972
135 5 0.000732
135 6 0.000416
135 7 0.00035
135 8 0.000426
136 1 0.000418
136 2 0.000436
136 3 0.000588
136 4 0.00115
136 5 0.000726
136 6 0.000436
136 7 0.000422
136 8 0.000386
137 1 0.00044
137 2 0.000398
137 3 0.000526
137 4 0.00123
137 5 0.000876
137 6 0.000462
137 7 0.000434
137 8 0.000398
138 1 0.000508
138 2 0.000504
138 3 0.0005
138 4 0.00115
138 5 0.00109
138 6 0.000492
138 7 0.000512
138 8 0.000488
139 1 0.00063
139 2 0.00061
139 3 0.000508
139 4 0.001252
139 5 0.001068
139 6 0.000506
139 7 0.000556
139 8 0.000604
140 1 0.000672
140 2 0.000664
140 3 0.000506
140 4 0.001228
140 5 0.00116
140 6 0.000544
140 7 0.000758
140 8 0.000706
141 1 0.000856
141 2 0.0009
141 3 0.00071
141 4 0.001056
141 5 0.001322
141 6 0.000688
141 7 0.000874
141 8 0.000926
142 1 0.000968
142 2 0.000974
142 3 0.00093
142 4 0.000856
142 5 0.001246
142 6 0.000824
142 7 0.00098
142 8 0.000914
143 1 0.001058
143 2 0.000952
143 3 0.001112
143 4 0.000862
143 5 0.001038
143 6 0.000948
143 7 0.001066
143 8 0.001066
144 1 0.000476
144 2 0.000672
144 3 0.000796
144 4 0.000642
144 5 0.000446
144 6 0.000376
144 7 0.000412
144 8 0.000396
145 1 0.000468
145 2 0.000714
145 3 0.00085
145 4 0.000622
145 5 0.000478
145 6 0.000392
145 7 0.000392
145 8 0.00041
146 1 0.000532
146 2 0.000732
146 3 0.000786
146 4 0.00049
146 5 0.000448
146 6 0.000392
146 7 0.000366
146 8 0.000378
147 1 0.00066
147 2 0.000934
147 3 0.00079
147 4 0.000502
147 5 0.000402
147 6 0.000428
147 7 0.000432
147 8 0.000406
148 1 0.000572
148 2 0.001024
148 3 0.000726
148 4 0.00046
148 5 0.000384
148 6 0.000406
148 7 0.000408
148 8 0.000384
149 1 0.000634
149 2 0.001194
149 3 0.000662
149 4 0.000456
149 5 0.000454
149 6 0.000372
149 7 0.000424
149 8 0.00044
150 1 0.000754
150 2 0.001392
150 3 0.000644
150 4 0.000404
150 5 0.000464
150 6 0.000402
150 7 0.0004
150 8 0.000428
151 1 0.000846
151 2 0.001528
151 3 0.00062
151 4 0.000448
151 5 0.000484
151 6 0.000474
151 7 0.00046
151 8 0.00044
152 1 0.00093
152 2 0.001416
152 3 0.000526
152 4 0.000518
152 5 0.00054
152 6 0.000548
152 7 0.00058
152 8 0.000536
153 1 0.00098
153 2 0.001518
153 3 0.000504
153 4 0.00066
153 5 0.000724
153 6 0.000706
153 7 0.00072
153 8 0.00052
154 1 0.00099
154 2 0.001398
154 3 0.0006
154 4 0.000768
154 5 0.000786
154 6 0.000746
154 7 0.000798
154 8 0.000584
155 1 0.000996
155 2 0.001168
155 3 0.00067
155 4 0.000912
155 5 0.000908
155 6 0.000918
155 7 0.000978
155 8 0.000722
156 1 0.000938
156 2 0.000962
156 3 0.000894
156 4 0.0009
156 5 0.000942
156 6 0.000978
156 7 0.00091
156 8 0.000994
157 1 0.000922
157 2 0.000868
157 3 0.001062
157 4 0.00104
157 5 0.001014
157 6 0.000962
157 7 0.001094
157 8 0.00114
158 1 0.000386
158 2 0.00057
158 3 0.00082
158 4 0.000756
158 5 0.000486
158 6 0.000486
158 7 0.00039
158 8 0.00039
159 1 0.000406
159 2 0.000526
159 3 0.000848
159 4 0.00081
159 5 0.000522
159 6 0.00044
159 7 0.000386
159 8 0.000366
160 1 0.000412
160 2 0.000526
160 3 0.0008
160 4 0.000928
160 5 0.000514
160 6 0.000406
160 7 0.000344
160 8 0.000432
161 1 0.000424
161 2 0.000422
161 3 0.000702
161 4 0.001048
161 5 0.000616
161 6 0.000446
161 7 0.000464
161 8 0.000344
162 1 0.000406
162 2 0.00044
162 3 0.000688
162 4 0.001204
162 5 0.0007
162 6 0.000436
162 7 0.000406
162 8 0.000398
163 1 0.000402
163 2 0.000452
163 3 0.000576
163 4 0.001308
163 5 0.000702
163 6 0.000466
163 7 0.000438
163 8 0.00041
164 1 0.000462
164 2 0.0004
164 3 0.000582
164 4 0.001452
164 5 0.000822
164 6 0.000442
164 7 0.000462
164 8 0.000466
165 1 0.000578
165 2 0.000498
165 3 0.00054
165 4 0.001574
165 5 0.000878
165 6 0.000504
165 7 0.000562
165 8 0.000514
166 1 0.000686
166 2 0.000724
166 3 0.000574
166 4 0.001602
166 5 0.00095
166 6 0.000444
166 7 0.000698
166 8 0.000662
167 1 0.00087
167 2 0.000846
167 3 0.000546
167 4 0.001452
167 5 0.001026
167 6 0.000568
167 7 0.000832
167 8 0.000764
168 1 0.0009
168 2 0.000938
168 3 0.000662
168 4 0.001174
168 5 0.001026
168 6 0.00077
168 7 0.000982
168 8 0.0009
169 1 0.000978
169 2 0.000944
169 3 0.000848
169 4 0.000962
169 5 0.000902
169 6 0.000936
169 7 0.001044
169 8 0.001014
170 1 0.00101
170 2 0.001154
170 3 0.001184
170 4 0.000878
170 5 0.0009
170 6 0.001106
170 7 0.001054
170 8 0.001006
171 1 0.000466
171 2 0.000606
171 3 0.00101
171 4 0.000654
171 5 0.000426
171 6 0.000412
171 7 0.00042
171 8 0.000372
172 1 0.00047
172 2 0.000716
172 3 0.00093
172 4 0.000632
172 5 0.000432
172 6 0.0004
172 7 0.00039
172 8 0.00044
173 1 0.000506
173 2 0.000806
173 3 0.000872
173 4 0.000602
173 5 0.000348
173 6 0.00043
173 7 0.000406
173 8 0.000372
174 1 0.000466
174 2 0.001038
174 3 0.000836
174 4 0.000478
174 5 0.0004
174 6 0.000398
174 7 0.000392
174 8 0.000404
175 1 0.000554
175 2 0.001122
175 3 0.0008
175 4 0.00042
175 5 0.000414
175 6 0.000418
175 7 0.00046
175 8 0.000382
176 1 0.000654
176 2 0.001368
176 3 0.0008
176 4 0.000422
176 5 0.000438
176 6 0.000404
176 7 0.00041
176 8 0.000436
177 1 0.00066
177 2 0.001498
177 3 0.000684
177 4 0.000416
177 5 0.000498
177 6 0.000446
177 7 0.000436
177 8 0.000414
178 1 0.000764
178 2 0.001664
178 3 0.00065
178 4 0.000478
178 5 0.000592
178 6 0.000494
178 7 0.000586
178 8 0.000538
179 1 0.00076
179 2 0.001948
179 3 0.000606
179 4 0.000596
179 5 0.000706
179 6 0.000614
179 7 0.000734
179 8 0.000476
180 1 0.000862
180 2 0.001962
180 3 0.000638
180 4 0.000728
180 5 0.000802
180 6 0.000726
180 7 0.000758
180 8 0.00057
181 1 0.000822
181 2 0.001858
181 3 0.000624
181 4 0.000908
181 5 0.000784
181 6 0.000838
181 7 0.000826
181 8 0.000688
182 1 0.000862
182 2 0.00142
182 3 0.000812
182 4 0.001036
182 5 0.000902
182 6 0.000974
182 7 0.001002
182 8 0.000876
183 1 0.00085
183 2 0.001064
183 3 0.001018
183 4 0.001062
183 5 0.001044
183 6 0.000992
183 7 0.001034
183 8 0.00099
184 1 0.00101
184 2 0.001028
184 3 0.001322
184 4 0.001138
184 5 0.001078
184 6 0.001092
184 7 0.001062
184 8 0.00115
185 1 0.000406
185 2 0.000574
185 3 0.00095
185 4 0.0008
185 5 0.000478
185 6 0.000358
185 7 0.00039
185 8 0.00037
186 1 0.000388
186 2 0.000574
186 3 0.00099
186 4 0.000802
186 5 0.000478
186 6 0.000412
186 7 0.000438
186 8 0.000404
187 1 0.000382
187 2 0.000518
187 3 0.000896
187 4 0.001058
187 5 0.00055
187 6 0.000366
187 7 0.000424
187 8 0.000372
188 1 0.000344
188 2 0.000482
188 3 0.000846
188 4 0.00122
188 5 0.000584
188 6 0.000434
188 7 0.00042
188 8 0.000408
189 1 0.000362
189 2 0.000428
189 3 0.000778
189 4 0.001344
189 5 0.00061
189 6 0.000402
189 7 0.000406
189 8 0.000416
190 1 0.000442
190 2 0.00041
190 3 0.000736
190 4 0.001514
190 5 0.000694
190 6 0.000458
190 7 0.000474
190 8 0.00046
191 1 0.000554
191 2 0.000466
191 3 0.000646
191 4 0.001724
191 5 0.000768
191 6 0.000458
191 7 0.00057
191 8 0.000476
192 1 0.000698
192 2 0.000604
192 3 0.00054
192 4 0.001874
192 5 0.000758
192 6 0.000532
192 7 0.000636
192 8 0.00057
193 1 0.000822
193 2 0.00068
193 3 0.000606
193 4 0.001994
193 5 0.000826
193 6 0.000566
193 7 0.000806
193 8 0.000754
194 1 0.00085
194 2 0.000862
194 3 0.000598
194 4 0.00188
194 5 0.000864
194 6 0.000702
194 7 0.000874
194 8 0.000898
195 1 0.00087
195 2 0.00101
195 3 0.00082
195 4 0.001478
195 5 0.00088
195 6 0.000828
195 7 0.001004
195 8 0.001002
196 1 0.000966
196 2 0.001078
196 3 0.001054
196 4 0.001028
196 5 0.000832
196 6 0.000986
196 7 0.001018
196 8 0.001076
197 1 0.00105
197 2 0.001112
197 3 0.001176
197 4 0.001016
197 5 0.00098
197 6 0.001216
197 7 0.001134
197 8 0.000996
198 1 0.000422
198 2 0.000618
198 3 0.001202
198 4 0.000664
198 5 0.000438
198 6 0.0004
198 7 0.000406
198 8 0.000388
199 1 0.00045
199 2 0.00073
199 3 0.0011
199 4 0.000608
199 5 0.00038
199 6 0.0004
199 7 0.000404
199 8 0.00041
200 1 0.00048
200 2 0.00094
200 3 0.001002
200 4 0.000532
200 5 0.000446
200 6 0.000438
200 7 0.000458
200 8 0.000382
201 1 0.000462
201 2 0.000996
201 3 0.001022
201 4 0.000484
201 5 0.000408
201 6 0.000454
201 7 0.000462
201 8 0.000366
202 1 0.000606
202 2 0.001218
202 3 0.000894
202 4 0.000464
202 5 0.000428
202 6 0.00043
202 7 0.000414
202 8 0.0004
203 1 0.000528
203 2 0.001446
203 3 0.000758
203 4 0.000456
203 5 0.000554
203 6 0.000428
203 7 0.000472
203 8 0.000402
204 1 0.000564
204 2 0.001762
204 3 0.000722
204 4 0.00049
204 5 0.000572
204 6 0.000562
204 7 0.000534
204 8 0.00046
205 1 0.00069
205 2 0.002244
205 3 0.000612
205 4 0.000518
205 5 0.000644
205 6 0.000632
205 7 0.000632
205 8 0.000422
206 1 0.000688
206 2 0.002522
206 3 0.00066
206 4 0.000678
206 5 0.000874
206 6 0.000692
206 7 0.00075
206 8 0.000586
207 1 0.00072
207 2 0.002752
207 3 0.00064
207 4 0.000856
207 5 0.000888
207 6 0.000926
207 7 0.000884
207 8 0.000772
208 1 0.00078
208 2 0.00253
208 3 0.00066
208 4 0.000984
208 5 0.000952
208 6 0.000972
208 7 0.000942
208 8 0.00083
209 1 0.00076
209 2 0.001856
209 3 0.000794
209 4 0.001104
209 5 0.000912
209 6 0.000968
209 7 0.000948
209 8 0.000902
210 1 0.000932
210 2 0.001158
210 3 0.00107
210 4 0.001074
210 5 0.000968
210 6 0.001058
210 7 0.001074
210 8 0.001136
211 1 0.000418
211 2 0.000624
211 3 0.001134
211 4 0.000806
211 5 0.000414
211 6 0.000462
211 7 0.000412
211 8 0.000428
212 1 0.000436
212 2 0.000512
212 3 0.001096
212 4 0.000878
212 5 0.000478
212 6 0.000432
212 7 0.00041
212 8 0.000406
213 1 0.000422
213 2 0.000536
213 3 0.001022
213 4 0.00103
213 5 0.000452
213 6 0.000352
213 7 0.000412
213 8 0.00041
214 1 0.000462
214 2 0.000486
214 3 0.000918
214 4 0.001162
214 5 0.000652
214 6 0.000442
214 7 0.000418
214 8 0.000426
215 1 0.000434
215 2 0.000424
215 3 0.000836
215 4 0.0014
215 5 0.000644
215 6 0.0004
215 7 0.000534
215 8 0.000476
216 1 0.000534
216 2 0.000372
216 3 0.000742
216 4 0.001728
216 5 0.000594
216 6 0.00043
216 7 0.00056
216 8 0.0005
217 1 0.000644
217 2 0.00054
217 3 0.000636
217 4 0.002098
217 5 0.000702
217 6 0.000524
217 7 0.000646
217 8 0.000546
218 1 0.00072
218 2 0.000628
218 3 0.000612
218 4 0.002462
218 5 0.000704
218 6 0.000598
218 7 0.000736
218 8 0.000714
219 1 0.000902
219 2 0.000754
219 3 0.000564
219 4 0.002694
219 5 0.0007
219 6 0.000658
219 7 0.000852
219 8 0.00087
220 1 0.000926
220 2 0.001034
220 3 0.00061
220 4 0.002502
220 5 0.000712
220 6 0.00082
220 7 0.00092
220 8 0.0009
221 1 0.000942
221 2 0.000938
221 3 0.000916
221 4 0.001788
221 5 0.000746
221 6 0.001112
221 7 0.001022
221 8 0.000936
222 1 0.001024
222 2 0.001174
222 3 0.001104
222 4 0.001186
222 5 0.00087
222 6 0.001176
222 7 0.000998
222 8 0.001052
223 1 0.000386
223 2 0.000634
223 3 0.001378
223 4 0.000672
223 5 0.000428
223 6 0.000476
223 7 0.000476
223 8 0.00044
224 1 0.000436
224 2 0.000822
224 3 0.001294
224 4 0.000606
224 5 0.000422
224 6 0.00048
224 7 0.00045
224 8 0.000434
225 1 0.000484
225 2 0.000858
225 3 0.001234
225 4 0.000528
225 5 0.0004
225 6 0.000456
225 7 0.000536
225 8 0.00041
226 1 0.00046
226 2 0.001092
226 3 0.00117
226 4 0.00048
226 5 0.00046
226 6 0.000478
226 7 0.000464
226 8 0.00045
227 1 0.000516
227 2 0.001262
227 3 0.000976
227 4 0.000502
227 5 0.000506
227 6 0.000494
227 7 0.000518
227 8 0.000436
228 1 0.00056
228 2 0.001656
228 3 0.000936
228 4 0.000474
228 5 0.000546
228 6 0.000538
228 7 0.000608
228 8 0.000518
229 1 0.00061
229 2 0.001884
229 3 0.000756
229 4 0.000502
229 5 0.000636
229 6 0.00065
229 7 0.000704
229 8 0.00053
230 1 0.000594
230 2 0.002506
230 3 0.000694
230 4 0.000602
230 5 0.00077
230 6 0.000666
230 7 0.000722
230 8 0.000662
231 1 0.000664
231 2 0.003336
231 3 0.000692
231 4 0.00079
231 5 0.00079
231 6 0.00085
231 7 0.000858
231 8 0.00072
232 1 0.00069
232 2 0.004128
232 3 0.000636
232 4 0.000954
232 5 0.000896
232 6 0.000926
232 7 0.000982
232 8 0.000938
233 1 0.000722
233 2 0.003894
233 3 0.000778
233 4 0.001016
233 5 0.000892
233 6 0.000994
233 7 0.001
233 8 0.000966
234 1 0.0008
234 2 0.002184
234 3 0.000902
234 4 0.001056
234 5 0.000928
234 6 0.001106
234 7 0.00096
234 8 0.001118
235 1 0.001278
235 2 0.001134
235 3 0.001178
235 4 0.00115
235 5 0.000942
235 6 0.001094
235 7 0.001078
235 8 0.001292
236 1 0.000406
236 2 0.000634
236 3 0.00138
236 4 0.000804
236 5 0.000426
236 6 0.000464
236 7 0.000438
236 8 0.000412
237 1 0.000388
237 2 0.000546
237 3 0.001214
237 4 0.000834
237 5 0.000458
237 6 0.000402
237 7 0.000436
237 8 0.00047
238 1 0.000502
238 2 0.000456
238 3 0.001122
238 4 0.000998
238 5 0.000486
238 6 0.000446
238 7 0.000468
238 8 0.000398
239 1 0.000458
239 2 0.00047
239 3 0.001082
239 4 0.00129
239 5 0.000532
239 6 0.00046
239 7 0.000578
239 8 0.000484
240 1 0.000584
240 2 0.000478
240 3 0.00088
240 4 0.001566
240 5 0.000558
240 6 0.000544
240 7 0.000616
240 8 0.000554
241 1 0.000662
241 2 0.000516
241 3 0.000784
241 4 0.00182
241 5 0.000584
241 6 0.000546
241 7 0.000642
241 8 0.000652
242 1 0.000734
242 2 0.000626
242 3 0.000698
242 4 0.002538
242 5 0.000628
242 6 0.000648
242 7 0.00075
242 8 0.00074
243 1 0.000756
243 2 0.00079
243 3 0.000632
243 4 0.00334
243 5 0.000664
243 6 0.00076
243 7 0.000786
243 8 0.000788
244 1 0.000848
244 2 0.000984
244 3 0.000672
244 4 0.004046
244 5 0.0007
244 6 0.00088
244 7 0.000852
244 8 0.000974
245 1 0.000866
245 2 0.001062
245 3 0.000706
245 4 0.003746
245 5 0.000696
245 6 0.000984
245 7 0.001008
245 8 0.001062
246 1 0.000952
246 2 0.001162
246 3 0.001004
246 4 0.002234
246 5 0.000828
246 6 0.001088
246 7 0.00094
246 8 0.001086
247 1 0.0011
247 2 0.001162
247 3 0.0012
247 4 0.001064
247 5 0.001174
247 6 0.001346
247 7 0.001094
247 8 0.001094
248 1 0.000458
248 2 0.000694
248 3 0.001762
248 4 0.000628
248 5 0.00036
248 6 0.000568
248 7 0.000436
248 8 0.000534
249 1 0.000464
249 2 0.000696
249 3 0.001568
249 4 0.000576
249 5 0.00045
249 6 0.000574
249 7 0.000448
249 8 0.000512
250 1 0.000514
250 2 0.000844
250 3 0.00143
250 4 0.000604
250 5 0.000492
250 6 0.000574
250 7 0.000554
250 8 0.000594
251 1 0.000532
251 2 0.001072
251 3 0.00121
251 4 0.000556
251 5 0.000514
251 6 0.000566
251 7 0.000524
251 8 0.000572
252 1 0.000522
252 2 0.001228
252 3 0.00113
252 4 0.000536
252 5 0.00059
252 6 0.00065
252 7 0.000658
252 8 0.000616
253 1 0.000504
253 2 0.00152
253 3 0.000948
253 4 0.00047
253 5 0.000626
253 6 0.000672
253 7 0.00062
253 8 0.000666
254 1 0.00056
254 2 0.002092
254 3 0.000846
254 4 0.000604
254 5 0.00081
254 6 0.000644
254 7 0.00083
254 8 0.000778
255 1 0.000594
255 2 0.002686
255 3 0.000786
255 4 0.000732
255 5 0.000862
255 6 0.000822
255 7 0.000852
255 8 0.0008
256 1 0.0007
256 2 0.00432
256 3 0.000664
256 4 0.000844
256 5 0.000856
256 6 0.00087
256 7 0.000966
256 8 0.000786
257 1 0.00074
257 2 0.006596
257 3 0.000708
257 4 0.001028
257 5 0.000878
257 6 0.00096
257 7 0.0009
257 8 0.001086
258 1 0.000786
258 2 0.008214
258 3 0.000952
258 4 0.001106
258 5 0.000984
258 6 0.001074
258 7 0.001002
258 8 0.001118
259 1 0.001014
259 2 0.00248
259 3 0.00108
259 4 0.00113
259 5 0.001016
259 6 0.001108
259 7 0.00106
259 8 0.001146
260 1 0.000398
260 2 0.000598
260 3 0.001606
260 4 0.000792
260 5 0.000438
260 6 0.000494
260 7 0.000536
260 8 0.000542
261 1 0.000506
261 2 0.000554
261 3 0.001538
261 4 0.000844
261 5 0.000494
261 6 0.000608
261 7 0.000556
261 8 0.00057
262 1 0.000536
262 2 0.000518
262 3 0.001268
262 4 0.001048
262 5 0.000484
262 6 0.00058
262 7 0.00056
262 8 0.000534
263 1 0.000616
263 2 0.000544
263 3 0.001118
263 4 0.0012
263 5 0.000538
263 6 0.000566
263 7 0.000608
263 8 0.000646
264 1 0.00076
264 2 0.000554
264 3 0.00095
264 4 0.001566
264 5 0.00056
264 6 0.000652
264 7 0.000678
264 8 0.000686
265 1 0.000748
265 2 0.000584
265 3 0.000826
265 4 0.002084
265 5 0.00057
265 6 0.000742
265 7 0.000784
265 8 0.000666
266 1 0.000958
266 2 0.000728
266 3 0.000724
266 4 0.002712
266 5 0.000644
266 6 0.000772
266 7 0.000844
266 8 0.000786
267 1 0.000864
267 2 0.00095
267 3 0.000682
267 4 0.004236
267 5 0.00063
267 6 0.000874
267 7 0.000894
267 8 0.000882
268 1 0.000976
268 2 0.001052
268 3 0.00073
268 4 0.006522
268 5 0.00066
268 6 0.0011
268 7 0.000912
268 8 0.001002
269 1 0.000992
269 2 0.001146
269 3 0.000922
269 4 0.008114
269 5 0.000854
269 6 0.00113
269 7 0.000964
269 8 0.001076
270 1 0.000994
270 2 0.001144
270 3 0.001134
270 4 0.002242
270 5 0.001066
270 6 0.00111
270 7 0.001012
270 8 0.001046
271 1 0.000466
271 2 0.000596
271 3 0.002124
271 4 0.000696
271 5 0.000518
271 6 0.000672
271 7 0.000662
271 8 0.000654
272 1 0.000476
272 2 0.00071
272 3 0.002122
272 4 0.00061
272 5 0.000532
272 6 0.00066
272 7 0.00062
272 8 0.000618
273 1 0.00049
273 2 0.000874
273 3 0.001818
273 4 0.000572
273 5 0.000562
273 6 0.000778
273 7 0.000598
273 8 0.000758
274 1 0.00053
274 2 0.001024
274 3 0.001514
274 4 0.000582
274 5 0.000632
274 6 0.000726
274 7 0.000756
274 8 0.000646
275 1 0.00055
275 2 0.001122
275 3 0.001244
275 4 0.000568
275 5 0.00075
275 6 0.00078
275 7 0.000752
275 8 0.000754
276 1 0.000544
276 2 0.001482
276 3 0.001076
276 4 0.000568
276 5 0.000904
276 6 0.000774
276 7 0.00081
276 8 0.000836
277 1 0.000616
277 2 0.001828
277 3 0.000832
277 4 0.000722
277 5 0.000818
277 6 0.000858
277 7 0.000836
277 8 0.000868
278 1 0.000646
278 2 0.002548
278 3 0.000764
278 4 0.000824
278 5 0.000928
278 6 0.000938
278 7 0.000898
278 8 0.000956
279 1 0.000692
279 2 0.003944
279 3 0.00073
279 4 0.001022
279 5 0.000944
279 6 0.000942
279 7 0.00092
279 8 0.001038
280 1 0.000858
280 2 0.008216
280 3 0.000804
280 4 0.001118
280 5 0.000942
280 6 0.001198
280 7 0.000932
280 8 0.001118
281 1 0.001066
281 2 0.034748
281 3 0.000984
281 4 0.001194
281 5 0.001026
281 6 0.001134
281 7 0.001038
281 8 0.00114
282 1 0.000534
282 2 0.000608
282 3 0.002
282 4 0.00068
282 5 0.000548
282 6 0.000648
282 7 0.000622
282 8 0.00069
283 1 0.000616
283 2 0.00055
283 3 0.001898
283 4 0.00088
283 5 0.00052
283 6 0.000754
283 7 0.000624
283 8 0.00065
284 1 0.000738
284 2 0.000562
284 3 0.001652
284 4 0.001034
284 5 0.00056
284 6 0.000754
284 7 0.00069
284 8 0.000734
285 1 0.000778
285 2 0.000522
285 3 0.001188
285 4 0.001188
285 5 0.00056
285 6 0.000792
285 7 0.000746
285 8 0.000652
286 1 0.000754
286 2 0.000616
286 3 0.001058
286 4 0.001482
286 5 0.000604
286 6 0.000818
286 7 0.000798
286 8 0.00086
287 1 0.00093
287 2 0.00071
287 3 0.000768
287 4 0.001814
287 5 0.000666
287 6 0.000866
287 7 0.000862
287 8 0.000896
288 1 0.000946
288 2 0.000888
288 3 0.000712
288 4 0.002512
288 5 0.000664
288 6 0.0009
288 7 0.000898
288 8 0.000868
289 1 0.001008
289 2 0.000938
289 3 0.000772
289 4 0.003742
289 5 0.000758
289 6 0.00112
289 7 0.000938
289 8 0.00107
290 1 0.000978
290 2 0.001184
290 3 0.000908
290 4 0.007944
290 5 0.000858
290 6 0.001064
290 7 0.001014
290 8 0.00112
291 1 0.001046
291 2 0.001116
291 3 0.001022
291 4 0.03395
291 5 0.001112
291 6 0.001154
291 7 0.001066
291 8 0.001092
292 1 0.000692
292 2 0.000616
292 3 0.002888
292 4 0.000618
292 5 0.000652
292 6 0.00079
292 7 0.000824
292 8 0.000822
293 1 0.00068
293 2 0.000742
293 3 0.00281
293 4 0.00063
293 5 0.000844
293 6 0.000784
293 7 0.000798
293 8 0.000748
294 1 0.000712
294 2 0.000808
294 3 0.002168
294 4 0.000598
294 5 0.000804
294 6 0.000834
294 7 0.000806
294 8 0.000824
295 1 0.000664
295 2 0.000946
295 3 0.001692
295 4 0.000546
295 5 0.000862
295 6 0.000878
295 7 0.000874
295 8 0.00088
296 1 0.000606
296 2 0.00105
296 3 0.001304
296 4 0.00063
296 5 0.00089
296 6 0.000858
296 7 0.000776
296 8 0.00083
297 1 0.00069
297 2 0.00126
297 3 0.000996
297 4 0.000702
297 5 0.00092
297 6 0.000872
297 7 0.000886
297 8 0.00092
298 1 0.000684
298 2 0.001492
298 3 0.00079
298 4 0.0008
298 5 0.000936
298 6 0.000932
298 7 0.000942
298 8 0.001016
299 1 0.00081
299 2 0.00174
299 3 0.000732
299 4 0.001024
299 5 0.00103
299 6 0.001022
299 7 0.00104
299 8 0.000964
300 1 0.001
300 2 0.002262
300 3 0.000906
300 4 0.001118
300 5 0.001004
300 6 0.001074
300 7 0.000962
300 8 0.00105
301 1 0.001178
301 2 0.002374
301 3 0.000958
301 4 0.001178
301 5 0.00103
301 6 0.001034
301 7 0.001062
301 8 0.001114
302 1 0.000626
302 2 0.000628
302 3 0.00273
302 4 0.000678
302 5 0.000662
302 6 0.000766
302 7 0.000764
302 8 0.000842
303 1 0.00081
303 2 0.000644
303 3 0.00225
303 4 0.000758
303 5 0.000652
303 6 0.00082
303 7 0.000834
303 8 0.000776
304 1 0.000822
304 2 0.000624
304 3 0.001718
304 4 0.000882
304 5 0.000666
304 6 0.0009
304 7 0.000802
304 8 0.000778
305 1 0.000852
305 2 0.000692
305 3 0.00137
305 4 0.00105
305 5 0.000666
305 6 0.000936
305 7 0.000846
305 8 0.00085
306 1 0.000964
306 2 0.000814
306 3 0.000988
306 4 0.00124
306 5 0.00065
306 6 0.000942
306 7 0.000844
306 8 0.000886
307 1 0.00098
307 2 0.00095
307 3 0.000866
307 4 0.001474
307 5 0.00078
307 6 0.000964
307 7 0.000898
307 8 0.000932
308 1 0.000996
308 2 0.001028
308 3 0.00076
308 4 0.00174
308 5 0.000944
308 6 0.001068
308 7 0.000912
308 8 0.001014
309 1 0.000956
309 2 0.00113
309 3 0.000818
309 4 0.002248
309 5 0.001056
309 6 0.001062
309 7 0.001018
309 8 0.001092
310 1 0.001042
310 2 0.001252
310 3 0.001016
310 4 0.002386
310 5 0.001088
310 6 0.001252
310 7 0.001002
310 8 0.001062
311 1 0.00088
311 2 0.000616
311 3 0.004434
311 4 0.000668
311 5 0.000924
311 6 0.000904
311 7 0.000858
311 8 0.000862
312 1 0.000898
312 2 0.000674
312 3 0.003994
312 4 0.000568
312 5 0.001018
312 6 0.000886
312 7 0.000938
312 8 0.000876
313 1 0.000912
313 2 0.000776
313 3 0.002618
313 4 0.000604
313 5 0.000962
313 6 0.00098
313 7 0.000894
313 8 0.00091
314 1 0.000902
314 2 0.000788
314 3 0.00169
314 4 0.000718
314 5 0.000934
314 6 0.000944
314 7 0.000974
314 8 0.000942
315 1 0.0009
315 2 0.00085
315 3 0.00133
315 4 0.000786
315 5 0.001106
315 6 0.000926
315 7 0.000988
315 8 0.0009
316 1 0.000946
316 2 0.000942
316 3 0.000948
316 4 0.000934
316 5 0.00099
316 6 0.001006
316 7 0.000944
316 8 0.000994
317 1 0.001022
317 2 0.001068
317 3 0.000816
317 4 0.00106
317 5 0.001052
317 6 0.001038
317 7 0.001048
317 8 0.001042
318 1 0.001086
318 2 0.001064
318 3 0.00092
318 4 0.001124
318 5 0.000994
318 6 0.001084
318 7 0.001016
318 8 0.00109
319 1 0.001222
319 2 0.00103
319 3 0.001194
319 4 0.001266
319 5 0.00107
319 6 0.001084
319 7 0.001064
319 8 0.001226
320 1 0.000908
320 2 0.000618
320 3 0.003822
320 4 0.000676
320 5 0.000864
320 6 0.000886
320 7 0.000818
320 8 0.00087
321 1 0.000944
321 2 0.000676
321 3 0.002604
321 4 0.000704
321 5 0.000786
321 6 0.000952
321 7 0.000972
321 8 0.000856
322 1 0.000972
322 2 0.000812
322 3 0.00178
322 4 0.00073
322 5 0.000888
322 6 0.001044
322 7 0.001048
322 8 0.000852
323 1 0.001012
323 2 0.00077
323 3 0.001294
323 4 0.000904
323 5 0.000902
323 6 0.001048
323 7 0.000978
323 8 0.000986
324 1 0.000926
324 2 0.000928
324 3 0.000994
324 4 0.001
324 5 0.000934
324 6 0.001022
324 7 0.000994
324 8 0.001026
325 1 0.000948
325 2 0.001126
325 3 0.000792
325 4 0.001044
325 5 0.000918
325 6 0.001084
325 7 0.001016
325 8 0.00101
326 1 0.001066
326 2 0.00119
326 3 0.0009
326 4 0.001074
326 5 0.001032
326 6 0.001062
326 7 0.001104
326 8 0.000972
327 1 0.001062
327 2 0.001248
327 3 0.001112
327 4 0.001154
327 5 0.001186
327 6 0.001098
327 7 0.001122
327 8 0.001088
328 1 0.001116
328 2 0.000774
328 3 0.008214
328 4 0.00078
328 5 0.001028
328 6 0.00097
328 7 0.001032
328 8 0.000922
329 1 0.00101
329 2 0.000722
329 3 0.005492
329 4 0.000764
329 5 0.00111
329 6 0.000952
329 7 0.00098
329 8 0.000876
330 1 0.001018
330 2 0.000794
330 3 0.002794
330 4 0.00089
330 5 0.001098
330 6 0.000996
330 7 0.000998
330 8 0.00101
331 1 0.000998
331 2 0.000856
331 3 0.00163
331 4 0.00095
331 5 0.001088
331 6 0.001034
331 7 0.001006
331 8 0.000896
332 1 0.001094
332 2 0.000922
332 3 0.00105
332 4 0.00101
332 5 0.00112
332 6 0.000932
332 7 0.001042
332 8 0.000974
333 1 0.001166
333 2 0.000922
333 3 0.000896
333 4 0.001048
333 5 0.00113
333 6 0.001006
333 7 0.001164
333 8 0.000976
334 1 0.001174
334 2 0.000982
334 3 0.00099
334 4 0.001174
334 5 0.00107
334 6 0.001068
334 7 0.001046
334 8 0.00105
335 1 0.001088
335 2 0.000874
335 3 0.00545
335 4 0.00075
335 5 0.001088
335 6 0.000938
335 7 0.000986
335 8 0.000938
336 1 0.001058
336 2 0.000796
336 3 0.002882
336 4 0.00067
336 5 0.00098
336 6 0.000928
336 7 0.00112
336 8 0.000926
337 1 0.00105
337 2 0.000918
337 3 0.001614
337 4 0.000748
337 5 0.001076
337 6 0.001022
337 7 0.000996
337 8 0.000974
338 1 0.001088
338 2 0.000956
338 3 0.001094
338 4 0.000858
338 5 0.001076
338 6 0.001038
338 7 0.000994
338 8 0.001036
339 1 0.001088
339 2 0.001178
339 3 0.000986
339 4 0.000838
339 5 0.001136
339 6 0.00107
339 7 0.001064
339 8 0.000986
340 1 0.001058
340 2 0.001232
340 3 0.001002
340 4 0.001044
340 5 0.001154
340 6 0.001076
340 7 0.001072
340 8 0.001006
341 1 0.001112
341 2 0.001054
341 3 0.02802
341 4 0.001032
341 5 0.001112
341 6 0.001022
341 7 0.001152
341 8 0.001008
342 1 0.001164
342 2 0.000966
342 3 0.00491
342 4 0.00108
342 5 0.001142
342 6 0.001004
342 7 0.001132
342 8 0.000998
343 1 0.001178
343 2 0.001072
343 3 0.0015
343 4 0.001072
343 5 0.001218
343 6 0.001034
343 7 0.00106
343 8 0.001026
344 1 0.001198
344 2 0.001048
344 3 0.001052
344 4 0.001198
344 5 0.001164
344 6 0.001164
344 7 0.001056
344 8 0.001004
345 1 0.001124
345 2 0.001064
345 3 0.00499
345 4 0.000934
345 5 0.001086
345 6 0.001002
345 7 0.001112
345 8 0.001044
346 1 0.001088
346 2 0.001058
346 3 0.001676
346 4 0.00103
346 5 0.001102
346 6 0.001098
346 7 0.001094
346 8 0.001072
347 1 0.001068
347 2 0.001066
347 3 0.001086
347 4 0.001108
347 5 0.001162
347 6 0.001032
347 7 0.001048
347 8 0.001086
348 1 0.00054
348 2 0.000522
348 3 0.000518
348 4 0.000462
348 5 0.00049
348 6 0.00059
348 7 0.000574
348 8 0.000522
349 1 0.000552
349 2 0.000494
349 3 0.000496
349 4 0.000476
349 5 0.000508
349 6 0.00053
349 7 0.000542
349 8 0.000606
350 1 0.000624
350 2 0.000536
350 3 0.000464
350 4 0.000422
350 5 0.00039
350 6 0.00053
350 7 0.000516
350 8 0.00064
351 1 0.00067
351 2 0.000544
351 3 0.000456
351 4 0.000486
351 5 0.000428
351 6 0.00047
351 7 0.000542
351 8 0.000638
352 1 0.000696
352 2 0.000582
352 3 0.000466
352 4 0.000418
352 5 0.00043
352 6 0.000446
352 7 0.000566
352 8 0.000682
353 1 0.000836
353 2 0.000614
353 3 0.000398
353 4 0.000402
353 5 0.000428
353 6 0.000386
353 7 0.000472
353 8 0.000738
354 1 0.001002
354 2 0.00056
354 3 0.000414
354 4 0.000364
354 5 0.000436
354 6 0.000362
354 7 0.000532
354 8 0.000692
355 1 0.001088
355 2 0.000606
355 3 0.00038
355 4 0.000398
355 5 0.00043
355 6 0.000428
355 7 0.0005
355 8 0.000766
356 1 0.001262
356 2 0.000628
356 3 0.000444
356 4 0.000512
356 5 0.000436
356 6 0.000408
356 7 0.000486
356 8 0.00074
357 1 0.001686
357 2 0.000574
357 3 0.00043
357 4 0.000524
357 5 0.000456
357 6 0.000504
357 7 0.000396
357 8 0.000694
358 1 0.002182
358 2 0.000572
358 3 0.000594
358 4 0.000642
358 5 0.000688
358 6 0.000682
358 7 0.000534
358 8 0.00075
359 1 0.002724
359 2 0.000628
359 3 0.000776
359 4 0.000822
359 5 0.000796
359 6 0.00074
359 7 0.000668
359 8 0.000696
360 1 0.00389
360 2 0.000678
360 3 0.00087
360 4 0.00093
360 5 0.001002
360 6 0.000916
360 7 0.000886
360 8 0.000698
361 1 0.005444
361 2 0.00083
361 3 0.001048
361 4 0.000916
361 5 0.000966
361 6 0.000932
361 7 0.001068
361 8 0.000742
362 1 0.005006
362 2 0.0011
362 3 0.0011
362 4 0.00096
362 5 0.001098
362 6 0.001004
362 7 0.001124
362 8 0.001026
363 1 0.000498
363 2 0.000486
363 3 0.000458
363 4 0.000536
363 5 0.000552
363 6 0.000594
363 7 0.000598
363 8 0.000484
364 1 0.000468
364 2 0.000474
364 3 0.00043
364 4 0.000568
364 5 0.000612
364 6 0.000572
364 7 0.000562
364 8 0.000494
365 1 0.00044
365 2 0.000426
365 3 0.00044
365 4 0.000558
365 5 0.000716
365 6 0.000694
365 7 0.000514
365 8 0.00045
366 1 0.000432
366 2 0.000356
366 3 0.00049
366 4 0.000562
366 5 0.000712
366 6 0.000606
366 7 0.000532
366 8 0.000452
367 1 0.000334
367 2 0.000416
367 3 0.000464
367 4 0.00062
367 5 0.000788
367 6 0.000672
367 7 0.000486
367 8 0.000386
368 1 0.000392
368 2 0.000366
368 3 0.000488
368 4 0.000592
368 5 0.000988
368 6 0.00073
368 7 0.000532
368 8 0.00045
369 1 0.0004
369 2 0.000392
369 3 0.000394
369 4 0.000598
369 5 0.001124
369 6 0.000706
369 7 0.000434
369 8 0.000382
370 1 0.000464
370 2 0.00045
370 3 0.000406
370 4 0.000584
370 5 0.00139
370 6 0.000724
370 7 0.000484
370 8 0.000486
371 1 0.000522
371 2 0.00053
371 3 0.000434
371 4 0.000686
371 5 0.00161
371 6 0.000688
371 7 0.000428
371 8 0.000578
372 1 0.0006
372 2 0.000662
372 3 0.00055
372 4 0.000658
372 5 0.002118
372 6 0.000836
372 7 0.00056
372 8 0.000646
373 1 0.000736
373 2 0.000756
373 3 0.000734
373 4 0.00064
373 5 0.002924
373 6 0.000684
373 7 0.000684
373 8 0.000824
374 1 0.000926
374 2 0.000844
374 3 0.000942
374 4 0.000652
374 5 0.003896
374 6 0.000702
374 7 0.00087
374 8 0.000898
375 1 0.001066
375 2 0.000892
375 3 0.00104
375 4 0.00083
375 5 0.005348
375 6 0.000754
375 7 0.00101
375 8 0.00097
376 1 0.001126
376 2 0.001038
376 3 0.001146
376 4 0.001084
376 5 0.004916
376 6 0.000964
376 7 0.001094
376 8 0.000992
377 1 0.000508
377 2 0.000442
377 3 0.00048
377 4 0.000422
377 5 0.00049
377 6 0.000564
377 7 0.00063
377 8 0.00057
378 1 0.00055
378 2 0.000508
378 3 0.000424
378 4 0.000426
378 5 0.00046
378 6 0.000544
378 7 0.00066
378 8 0.000674
379 1 0.000642
379 2 0.000556
379 3 0.00046
379 4 0.000434
379 5 0.000432
379 6 0.000508
379 7 0.000588
379 8 0.000662
380 1 0.000644
380 2 0.000506
380 3 0.000444
380 4 0.000426
380 5 0.000448
380 6 0.000464
380 7 0.00057
380 8 0.000792
381 1 0.00078
381 2 0.000488
381 3 0.000452
381 4 0.000428
381 5 0.00045
381 6 0.000384
381 7 0.000554
381 8 0.000684
382 1 0.000866
382 2 0.000484
382 3 0.000446
382 4 0.000346
382 5 0.00036
382 6 0.000426
382 7 0.000542
382 8 0.00086
383 1 0.000938
383 2 0.000538
383 3 0.000356
383 4 0.000392
383 5 0.00039
383 6 0.000442
383 7 0.000496
383 8 0.0009
384 1 0.001138
384 2 0.000552
384 3 0.000366
384 4 0.000396
384 5 0.000412
384 6 0.000372
384 7 0.000448
384 8 0.00088
385 1 0.001306
385 2 0.000474
385 3 0.000358
385 4 0.000406
385 5 0.000462
385 6 0.000496
385 7 0.000494
385 8 0.000924
386 1 0.001508
386 2 0.000576
386 3 0.000438
386 4 0.000626
386 5 0.000556
386 6 0.000614
386 7 0.000436
386 8 0.000904
387 1 0.001904
387 2 0.000614
387 3 0.000604
387 4 0.000758
387 5 0.00064
387 6 0.000638
387 7 0.000478
387 8 0.00082
388 1 0.002296
388 2 0.00056
388 3 0.000804
388 4 0.000806
388 5 0.000796
388 6 0.000864
388 7 0.000666
388 8 0.000764
389 1 0.002518
389 2 0.000674
389 3 0.000922
389 4 0.000934
389 5 0.001036
389 6 0.000934
389 7 0.000906
389 8 0.000724
390 1 0.002846
390 2 0.000948
390 3 0.001076
390 4 0.000936
390 5 0.001048
390 6 0.001014
390 7 0.001026
390 8 0.000806
391 1 0.001634
391 2 0.0011
391 3 0.001086
391 4 0.001078
391 5 0.001026
391 6 0.001028
391 7 0.00119
391 8 0.001012
392 1 0.00048
392 2 0.000414
392 3 0.000484
392 4 0.000488
392 5 0.000574
392 6 0.000706
392 7 0.00063
392 8 0.000546
393 1 0.000496
393 2 0.000472
393 3 0.000456
393 4 0.000544
393 5 0.000606
393 6 0.000662
393 7 0.00058
393 8 0.000448
394 1 0.000472
394 2 0.000456
394 3 0.000408
394 4 0.000482
394 5 0.000636
394 6 0.00075
394 7 0.00056
394 8 0.000498
395 1 0.000426
395 2 0.000422
395 3 0.000408
395 4 0.000526
395 5 0.00074
395 6 0.000792
395 7 0.000484
395 8 0.000428
396 1 0.00039
396 2 0.000392
396 3 0.000444
396 4 0.000518
396 5 0.000854
396 6 0.000858
396 7 0.000474
396 8 0.000416
397 1 0.000392
397 2 0.000376
397 3 0.000366
397 4 0.000574
397 5 0.000868
397 6 0.000926
397 7 0.000474
397 8 0.000326
398 1 0.0004
398 2 0.000386
398 3 0.000418
398 4 0.000534
398 5 0.001092
398 6 0.000868
398 7 0.000502
398 8 0.00041
399 1 0.00042
399 2 0.000414
399 3 0.000394
399 4 0.000532
399 5 0.001294
399 6 0.000972
399 7 0.00042
399 8 0.000504
400 1 0.000522
400 2 0.000534
400 3 0.000512
400 4 0.000588
400 5 0.001502
400 6 0.000934
400 7 0.00049
400 8 0.000526
401 1 0.00061
401 2 0.000668
401 3 0.000616
401 4 0.000564
401 5 0.001808
401 6 0.000818
401 7 0.000472
401 8 0.000678
402 1 0.000784
402 2 0.000856
402 3 0.000754
402 4 0.000568
402 5 0.002212
402 6 0.000748
402 7 0.000648
402 8 0.000726
403 1 0.000934
403 2 0.00083
403 3 0.000944
403 4 0.000644
403 5 0.002622
403 6 0.00073
403 7 0.00086
403 8 0.000948
404 1 0.001022
404 2 0.00091
404 3 0.001044
404 4 0.000874
404 5 0.002844
404 6 0.000698
404 7 0.001062
404 8 0.000952
405 1 0.001056
405 2 0.00104
405 3 0.001076
405 4 0.00113
405 5 0.001544
405 6 0.001014
405 7 0.00119
405 8 0.000966
406 1 0.0005
406 2 0.000382
406 3 0.000428
406 4 0.000404
406 5 0.00043
406 6 0.00059
406 7 0.000656
406 8 0.00058
407 1 0.000542
407 2 0.000482
407 3 0.000414
407 4 0.000448
407 5 0.00043
407 6 0.000578
407 7 0.00059
407 8 0.000648
408 1 0.000578
408 2 0.000498
408 3 0.00038
408 4 0.000492
408 5 0.000458
408 6 0.00052
408 7 0.00065
408 8 0.000738
409 1 0.00064
409 2 0.00052
409 3 0.000448
409 4 0.000402
409 5 0.000374
409 6 0.00047
409 7 0.000602
409 8 0.000736
410 1 0.000716
410 2 0.000558
410 3 0.000386
410 4 0.000436
410 5 0.000364
410 6 0.0005
410 7 0.000644
410 8 0.00086
411 1 0.000828
411 2 0.000504
411 3 0.00037
411 4 0.000368
411 5 0.000432
411 6 0.000476
411 7 0.00059
411 8 0.000818
412 1 0.000878
412 2 0.000486
412 3 0.000386
412 4 0.00043
412 5 0.000368
412 6 0.000432
412 7 0.00054
412 8 0.000962
413 1 0.000956
413 2 0.000456
413 3 0.00038
413 4 0.000386
413 5 0.000418
413 6 0.000426
413 7 0.000556
413 8 0.000968
414 1 0.001172
414 2 0.000516
414 3 0.000448
414 4 0.000446
414 5 0.000436
414 6 0.000482
414 7 0.000448
414 8 0.001042
415 1 0.001284
415 2 0.000486
415 3 0.000584
415 4 0.000558
415 5 0.000574
415 6 0.0006
415 7 0.000492
415 8 0.001002
416 1 0.001488
416 2 0.000514
416 3 0.000668
416 4 0.000736
416 5 0.000796
416 6 0.000758
416 7 0.00052
416 8 0.001044
417 1 0.00178
417 2 0.000616
417 3 0.000842
417 4 0.000856
417 5 0.000892
417 6 0.00087
417 7 0.000644
417 8 0.000968
418 1 0.0018
418 2 0.000714
418 3 0.001016
418 4 0.000846
418 5 0.00093
418 6 0.00095
418 7 0.000864
418 8 0.000796
419 1 0.001574
419 2 0.000902
419 3 0.000998
419 4 0.000992
419 5 0.001004
419 6 0.001022
419 7 0.001068
419 8 0.000788
420 1 0.001086
420 2 0.001198
420 3 0.0011
420 4 0.001122
420 5 0.00099
420 6 0.001084
420 7 0.00119
420 8 0.001082
421 1 0.000498
421 2 0.000418
421 3 0.000432
421 4 0.000432
421 5 0.000522
421 6 0.00066
421 7 0.000664
421 8 0.000502
422 1 0.000486
422 2 0.000404
422 3 0.000426
422 4 0.000462
422 5 0.000606
422 6 0.000756
422 7 0.000686
422 8 0.000498
423 1 0.000416
423 2 0.000454
423 3 0.000362
423 4 0.000562
423 5 0.000578
423 6 0.000832
423 7 0.000598
423 8 0.000486
424 1 0.000442
424 2 0.000398
424 3 0.000414
424 4 0.000514
424 5 0.00071
424 6 0.00086
424 7 0.000636
424 8 0.00042
425 1 0.000388
425 2 0.000412
425 3 0.000404
425 4 0.000478
425 5 0.000776
425 6 0.000944
425 7 0.000588
425 8 0.000456
426 1 0.00042
426 2 0.000426
426 3 0.000446
426 4 0.000506
426 5 0.000888
426 6 0.001084
426 7 0.00053
426 8 0.000362
427 1 0.000388
427 2 0.000434
427 3 0.000384
427 4 0.000504
427 5 0.001018
427 6 0.001086
427 7 0.000476
427 8 0.000404
428 1 0.000518
428 2 0.000446
428 3 0.000422
428 4 0.000488
428 5 0.00114
428 6 0.001104
428 7 0.000454
428 8 0.000438
429 1 0.00057
429 2 0.000584
429 3 0.000546
429 4 0.000558
429 5 0.001236
429 6 0.000932
429 7 0.000528
429 8 0.000594
430 1 0.00073
430 2 0.000676
430 3 0.000736
430 4 0.000548
430 5 0.001524
430 6 0.000986
430 7 0.0004
430 8 0.000706
431 1 0.000864
431 2 0.000836
431 3 0.000796
431 4 0.000628
431 5 0.001768
431 6 0.000872
431 7 0.000616
431 8 0.00081
432 1 0.000916
432 2 0.000936
432 3 0.000934
432 4 0.000724
432 5 0.001704
432 6 0.000752
432 7 0.000894
432 8 0.000982
433 1 0.001052
433 2 0.00089
433 3 0.001022
433 4 0.00093
433 5 0.00155
433 6 0.00077
433 7 0.001104
433 8 0.000926
434 1 0.001118
434 2 0.00099
434 3 0.001102
434 4 0.001202
434 5 0.000986
434 6 0.001032
434 7 0.001168
434 8 0.000936
435 1 0.000514
435 2 0.000414
435 3 0.000466
435 4 0.000462
435 5 0.000456
435 6 0.000648
435 7 0.000676
435 8 0.000628
436 1 0.000506
436 2 0.000422
436 3 0.0004
436 4 0.000444
436 5 0.000396
436 6 0.000594
436 7 0.000748
436 8 0.00068
437 1 0.000562
437 2 0.000394
437 3 0.000396
437 4 0.000364
437 5 0.00042
437 6 0.000538
437 7 0.00071
437 8 0.000822
438 1 0.000574
438 2 0.000456
438 3 0.00039
438 4 0.000338
438 5 0.000404
438 6 0.00054
438 7 0.000716
438 8 0.00079
439 1 0.000722
439 2 0.000424
439 3 0.00042
439 4 0.000354
439 5 0.000376
439 6 0.000408
439 7 0.000666
439 8 0.000918
440 1 0.000706
440 2 0.000452
440 3 0.000334
440 4 0.000444
440 5 0.000416
440 6 0.00038
440 7 0.000638
440 8 0.000946
441 1 0.000828
441 2 0.000424
441 3 0.000354
441 4 0.00041
441 5 0.000414
441 6 0.000344
441 7 0.000542
441 8 0.001168
442 1 0.000862
442 2 0.000508
442 3 0.000428
442 4 0.000386
442 5 0.000386
442 6 0.000414
442 7 0.000502
442 8 0.001282
443 1 0.001098
443 2 0.000534
443 3 0.00051
443 4 0.000528
443 5 0.00051
443 6 0.000442
443 7 0.0005
443 8 0.001228
444 1 0.001152
444 2 0.000462
444 3 0.000604
444 4 0.0006
444 5 0.000628
444 6 0.000628
444 7 0.000502
444 8 0.001252
445 1 0.001188
445 2 0.000522
445 3 0.000736
445 4 0.000766
445 5 0.000764
445 6 0.000764
445 7 0.00056
445 8 0.001184
446 1 0.001288
446 2 0.00062
446 3 0.000892
446 4 0.000844
446 5 0.00085
446 6 0.00092
446 7 0.000706
446 8 0.001108
447 1 0.001262
447 2 0.00079
447 3 0.000994
447 4 0.000888
447 5 0.000914
447 6 0.001106
447 7 0.000962
447 8 0.000866
448 1 0.001166
448 2 0.000988
448 3 0.001028
448 4 0.001014
448 5 0.001096
448 6 0.00114
448 7 0.001118
448 8 0.000822
449 1 0.000406
449 2 0.000362
449 3 0.000388
449 4 0.000452
449 5 0.000522
449 6 0.000746
449 7 0.000762
449 8 0.000532
450 1 0.000416
450 2 0.000408
450 3 0.000488
450 4 0.00045
450 5 0.00056
450 6 0.00075
450 7 0.000666
450 8 0.0005
451 1 0.000408
451 2 0.000412
451 3 0.000414
451 4 0.000484
451 5 0.000638
451 6 0.000864
451 7 0.000696
451 8 0.000492
452 1 0.000368
452 2 0.00038
452 3 0.00038
452 4 0.000404
452 5 0.000662
452 6 0.00094
452 7 0.000646
452 8 0.000398
453 1 0.000378
453 2 0.000422
453 3 0.000406
453 4 0.000398
453 5 0.000646
453 6 0.001016
453 7 0.000654
453 8 0.00044
454 1 0.000408
454 2 0.00042
454 3 0.000384
454 4 0.000494
454 5 0.000782
454 6 0.001132
454 7 0.000546
454 8 0.000382
455 1 0.00048
455 2 0.00044
455 3 0.000432
455 4 0.000426
455 5 0.00088
455 6 0.001192
455 7 0.000542
455 8 0.000452
456 1 0.000572
456 2 0.000588
456 3 0.000518
456 4 0.00046
456 5 0.001026
456 6 0.001342
456 7 0.00051
456 8 0.000498
457 1 0.00065
457 2 0.000692
457 3 0.000634
457 4 0.00053
457 5 0.001186
457 6 0.001352
457 7 0.000548
457 8 0.000644
458 1 0.000748
458 2 0.000762
458 3 0.00077
458 4 0.000524
458 5 0.001308
458 6 0.001216
458 7 0.000606
458 8 0.000764
459 1 0.000844
459 2 0.00089
459 3 0.00091
459 4 0.000644
459 5 0.00132
459 6 0.00106
459 7 0.000664
459 8 0.000902
460 1 0.000944
460 2 0.000974
460 3 0.00104
460 4 0.000826
460 5 0.001272
460 6 0.000864
460 7 0.000872
460 8 0.001034
461 1 0.001042
461 2 0.000946
461 3 0.001024
461 4 0.001012
461 5 0.001088
461 6 0.000854
461 7 0.001056
461 8 0.001026
462 1 0.000446
462 2 0.000416
462 3 0.00043
462 4 0.000424
462 5 0.00048
462 6 0.000624
462 7 0.000922
462 8 0.000738
463 1 0.000466
463 2 0.00036
463 3 0.000414
463 4 0.000406
463 5 0.000412
463 6 0.000628
463 7 0.000894
463 8 0.00072
464 1 0.000572
464 2 0.000454
464 3 0.000398
464 4 0.000398
464 5 0.00041
464 6 0.000568
464 7 0.000866
464 8 0.000788
465 1 0.000542
465 2 0.000432
465 3 0.000356
465 4 0.000454
465 5 0.000354
465 6 0.000528
465 7 0.000786
465 8 0.000796
466 1 0.000564
466 2 0.000508
466 3 0.000362
466 4 0.000324
466 5 0.000402
466 6 0.000442
466 7 0.000724
466 8 0.001042
467 1 0.000658
467 2 0.000474
467 3 0.000376
467 4 0.000374
467 5 0.000372
467 6 0.000428
467 7 0.000626
467 8 0.001202
468 1 0.000756
468 2 0.000436
468 3 0.000384
468 4 0.000394
468 5 0.000448
468 6 0.000378
468 7 0.000576
468 8 0.00127
469 1 0.000852
469 2 0.000446
469 3 0.000478
469 4 0.00046
469 5 0.000496
469 6 0.00041
469 7 0.000518
469 8 0.0015
470 1 0.00091
470 2 0.00049
470 3 0.000534
470 4 0.000462
470 5 0.000622
470 6 0.000512
470 7 0.000538
470 8 0.001552
471 1 0.000906
471 2 0.000528
471 3 0.00068
471 4 0.000626
471 5 0.000646
471 6 0.000658
471 7 0.000526
471 8 0.00157
472 1 0.001002
472 2 0.000634
472 3 0.00091
472 4 0.000792
472 5 0.00078
472 6 0.000774
472 7 0.000586
472 8 0.001458
473 1 0.000982
473 2 0.000728
473 3 0.000846
473 4 0.000872
473 5 0.000846
473 6 0.000878
473 7 0.000714
473 8 0.001158
474 1 0.000946
474 2 0.000942
474 3 0.000982
474 4 0.001096
474 5 0.00109
474 6 0.001038
474 7 0.000886
474 8 0.000976
475 1 0.000978
475 2 0.001082
475 3 0.001124
475 4 0.001126
475 5 0.001024
475 6 0.001072
475 7 0.0011
475 8 0.000934
476 1 0.000486
476 2 0.000414
476 3 0.00039
476 4 0.00036
476 5 0.000498
476 6 0.000734
476 7 0.000862
476 8 0.000558
477 1 0.00041
477 2 0.000372
477 3 0.000396
477 4 0.000386
477 5 0.000504
477 6 0.00082
477 7 0.000806
477 8 0.0005
478 1 0.000388
478 2 0.000386
478 3 0.000396
478 4 0.000438
478 5 0.000558
478 6 0.000798
478 7 0.00083
478 8 0.000496
479 1 0.000392
479 2 0.000348
479 3 0.000454
479 4 0.000442
479 5 0.000644
479 6 0.000958
479 7 0.000818
479 8 0.000452
480 1 0.000374
480 2 0.00042
480 3 0.000354
480 4 0.000434
480 5 0.000772
480 6 0.001166
480 7 0.00066
480 8 0.000416
481 1 0.000432
481 2 0.000438
481 3 0.00046
481 4 0.000478
481 5 0.000752
481 6 0.001298
481 7 0.000592
481 8 0.000404
482 1 0.000478
482 2 0.000502
482 3 0.000482
482 4 0.000438
482 5 0.000754
482 6 0.001452
482 7 0.000542
482 8 0.000404
483 1 0.000576
483 2 0.000554
483 3 0.000572
483 4 0.000428
483 5 0.000806
483 6 0.00162
483 7 0.000586
483 8 0.000526
484 1 0.000748
484 2 0.000706
484 3 0.000698
484 4 0.000486
484 5 0.000942
484 6 0.001448
484 7 0.000514
484 8 0.000616
485 1 0.00084
485 2 0.000834
485 3 0.000846
485 4 0.000558
485 5 0.000994
485 6 0.00137
485 7 0.00061
485 8 0.000802
486 1 0.00089
486 2 0.00087
486 3 0.001048
486 4 0.000764
486 5 0.001022
486 6 0.001142
486 7 0.00071
486 8 0.000944
487 1 0.001008
487 2 0.001002
487 3 0.000988
487 4 0.00099
487 5 0.000926
487 6 0.000968
487 7 0.00092
487 8 0.001002
488 1 0.000936
488 2 0.00104
488 3 0.001086
488 4 0.001116
488 5 0.000878
488 6 0.00091
488 7 0.001092
488 8 0.001056
489 1 0.000408
489 2 0.00039
489 3 0.00042
489 4 0.000402
489 5 0.00039
489 6 0.000674
489 7 0.001026
489 8 0.00064
490 1 0.000466
490 2 0.00045
490 3 0.000372
490 4 0.000424
490 5 0.00041
490 6 0.000552
490 7 0.001026
490 8 0.000792
491 1 0.000454
491 2 0.000336
491 3 0.000332
491 4 0.00036
491 5 0.000414
491 6 0.000572
491 7 0.000846
491 8 0.00085
492 1 0.0005
492 2 0.00037
492 3 0.000394
492 4 0.00041
492 5 0.00037
492 6 0.000518
492 7 0.000852
492 8 0.000992
493 1 0.000568
493 2 0.000404
493 3 0.00037
493 4 0.00041
493 5 0.000406
493 6 0.000462
493 7 0.00082
493 8 0.001188
494 1 0.000624
494 2 0.000412
494 3 0.000454
494 4 0.000448
494 5 0.000428
494 6 0.000404
494 7 0.00072
494 8 0.001326
495 1 0.000746
495 2 0.000504
495 3 0.000466
495 4 0.000432
495 5 0.000494
495 6 0.000392
495 7 0.000626
495 8 0.001542
496 1 0.000724
496 2 0.000482
496 3 0.000538
496 4 0.000484
496 5 0.000598
496 6 0.00044
496 7 0.000608
496 8 0.001746
497 1 0.000768
497 2 0.0005
497 3 0.00065
497 4 0.000546
497 5 0.00067
497 6 0.000638
497 7 0.000572
497 8 0.001884
498 1 0.000866
498 2 0.000626
498 3 0.000734
498 4 0.00067
498 5 0.000766
498 6 0.000728
498 7 0.000602
498 8 0.001892
499 1 0.000892
499 2 0.00071
499 3 0.00097
499 4 0.000856
499 5 0.000888
499 6 0.000924
499 7 0.000622
499 8 0.001868
500 1 0.000872
500 2 0.000914
500 3 0.000976
500 4 0.000982
500 5 0.000956
500 6 0.000994
500 7 0.000728
500 8 0.001408
501 1 0.000914
501 2 0.001104
501 3 0.001024
501 4 0.00108
501 5 0.001036
501 6 0.001174
501 7 0.000968
501 8 0.001026
502 1 0.001036
502 2 0.00121
502 3 0.00108
502 4 0.0011
502 5 0.001084
502 6 0.00111
502 7 0.001266
502 8 0.001026
503 1 0.000462
503 2 0.000408
503 3 0.000456
503 4 0.000418
503 5 0.000472
503 6 0.000704
503 7 0.00094
503 8 0.000592
504 1 0.000398
504 2 0.000388
504 3 0.000412
504 4 0.000398
504 5 0.000516
504 6 0.000822
504 7 0.000936
504 8 0.000472
505 1 0.000402
505 2 0.000416
505 3 0.000432
505 4 0.000474
505 5 0.00054
505 6 0.000946
505 7 0.000836
505 8 0.00044
506 1 0.000364
506 2 0.00037
506 3 0.000394
506 4 0.000354
506 5 0.000608
506 6 0.00116
506 7 0.000788
506 8 0.00051
507 1 0.000428
507 2 0.000384
507 3 0.000466
507 4 0.000388
507 5 0.000618
507 6 0.001316
507 7 0.000744
507 8 0.000462
508 1 0.000468
508 2 0.000418
508 3 0.000438
508 4 0.000426
508 5 0.000622
508 6 0.001552
508 7 0.000668
508 8 0.000428
509 1 0.000536
509 2 0.000508
509 3 0.000556
509 4 0.000508
509 5 0.000788
509 6 0.001864
509 7 0.000634
509 8 0.000504
510 1 0.00069
510 2 0.000608
510 3 0.000636
510 4 0.000538
510 5 0.00084
510 6 0.002022
510 7 0.000612
510 8 0.000592
511 1 0.000814
511 2 0.000764
511 3 0.000792
511 4 0.000552
511 5 0.000864
511 6 0.001996
511 7 0.000564
511 8 0.000754
512 1 0.000816
512 2 0.000822
512 3 0.000876
512 4 0.000748
512 5 0.000796
512 6 0.00184
512 7 0.00059
512 8 0.000884
513 1 0.000974
513 2 0.00097
513 3 0.000994
513 4 0.000838
513 5 0.000814
513 6 0.001428
513 7 0.000812
513 8 0.001006
514 1 0.001022
514 2 0.001006
514 3 0.00104
514 4 0.001032
514 5 0.000866
514 6 0.001024
514 7 0.000992
514 8 0.00102
515 1 0.001066
515 2 0.001072
515 3 0.001102
515 4 0.001224
515 5 0.001042
515 6 0.00105
515 7 0.001142
515 8 0.001152
516 1 0.000422
516 2 0.000376
516 3 0.000398
516 4 0.000352
516 5 0.000444
516 6 0.000656
516 7 0.0012
516 8 0.00069
517 1 0.000482
517 2 0.000432
517 3 0.000412
517 4 0.00041
517 5 0.000364
517 6 0.0006
517 7 0.001092
517 8 0.000766
518 1 0.000448
518 2 0.000386
518 3 0.000416
518 4 0.000394
518 5 0.00036
518 6 0.000552
518 7 0.001028
518 8 0.000886
519 1 0.000536
519 2 0.000408
519 3 0.000436
519 4 0.000416
519 5 0.000362
519 6 0.000496
519 7 0.000926
519 8 0.001002
520 1 0.00054
520 2 0.00042
520 3 0.000454
520 4 0.00043
520 5 0.000392
520 6 0.00048
520 7 0.000856
520 8 0.001086
521 1 0.000566
521 2 0.00044
521 3 0.000456
521 4 0.000402
521 5 0.000422
521 6 0.000466
521 7 0.000818
521 8 0.001398
522 1 0.000606
522 2 0.000476
522 3 0.000512
522 4 0.000536
522 5 0.000528
522 6 0.000434
522 7 0.000722
522 8 0.001776
523 1 0.000668
523 2 0.00053
523 3 0.000652
523 4 0.000574
523 5 0.000654
523 6 0.000566
523 7 0.000664
523 8 0.002084
524 1 0.000734
524 2 0.000628
524 3 0.00075
524 4 0.00072
524 5 0.000774
524 6 0.000622
524 7 0.00061
524 8 0.002576
525 1 0.000796
525 2 0.000692
525 3 0.000882
525 4 0.000756
525 5 0.000882
525 6 0.000818
525 7 0.00063
525 8 0.002778
526 1 0.000828
526 2 0.000816
526 3 0.000962
526 4 0.000902
526 5 0.000924
526 6 0.00098
526 7 0.000672
526 8 0.002554
527 1 0.000766
527 2 0.000982
527 3 0.000974
527 4 0.00105
527 5 0.000906
527 6 0.001002
527 7 0.000844
527 8 0.001804
528 1 0.000852
528 2 0.001166
528 3 0.001016
528 4 0.001004
528 5 0.001116
528 6 0.001038
528 7 0.001074
528 8 0.001172
529 1 0.000384
529 2 0.000378
529 3 0.000348
529 4 0.000378
529 5 0.000526
529 6 0.000796
529 7 0.001226
529 8 0.00062
530 1 0.000352
530 2 0.000344
530 3 0.000444
530 4 0.000396
530 5 0.000482
530 6 0.000844
530 7 0.001134
530 8 0.000586
531 1 0.00039
531 2 0.000432
531 3 0.000434
531 4 0.000384
531 5 0.000518
531 6 0.001008
531 7 0.000954
531 8 0.000534
532 1 0.00043
532 2 0.000392
532 3 0.00042
532 4 0.000364
532 5 0.000528
532 6 0.001224
532 7 0.000942
532 8 0.000448
533 1 0.000478
533 2 0.000476
533 3 0.000508
533 4 0.00041
533 5 0.000556
533 6 0.001316
533 7 0.000824
533 8 0.000412
534 1 0.00062
534 2 0.000516
534 3 0.000526
534 4 0.000446
534 5 0.00065
534 6 0.001676
534 7 0.000772
534 8 0.000418
535 1 0.000654
535 2 0.000526
535 3 0.000704
535 4 0.000558
535 5 0.000666
535 6 0.002168
535 7 0.00068
535 8 0.000494
536 1 0.000714
536 2 0.000702
536 3 0.000808
536 4 0.000548
536 5 0.000776
536 6 0.002408
536 7 0.000642
536 8 0.00072
537 1 0.00076
537 2 0.000794
537 3 0.000894
537 4 0.000686
537 5 0.000728
537 6 0.002724
537 7 0.000598
537 8 0.000792
538 1 0.000902
538 2 0.000868
538 3 0.000986
538 4 0.000856
538 5 0.000774
538 6 0.002526
538 7 0.000682
538 8 0.000942
539 1 0.000974
539 2 0.001122
539 3 0.000952
539 4 0.000978
539 5 0.000754
539 6 0.00182
539 7 0.000806
539 8 0.000992
540 1 0.000974
540 2 0.000938
540 3 0.00104
540 4 0.001158
540 5 0.000936
540 6 0.001074
540 7 0.001136
540 8 0.001078
541 1 0.000394
541 2 0.000414
541 3 0.000438
541 4 0.000426
541 5 0.00039
541 6 0.000638
541 7 0.001386
541 8 0.000712
542 1 0.000462
542 2 0.000444
542 3 0.000414
542 4 0.000458
542 5 0.000444
542 6 0.00067
542 7 0.001246
542 8 0.000748
543 1 0.000454
543 2 0.00041
543 3 0.000448
543 4 0.000498
543 5 0.000458
543 6 0.00058
543 7 0.001362
543 8 0.000812
544 1 0.000486
544 2 0.000464
544 3 0.000502
544 4 0.000462
544 5 0.000404
544 6 0.000482
544 7 0.001226
544 8 0.001002
545 1 0.000502
545 2 0.000472
545 3 0.00052
545 4 0.000482
545 5 0.000562
545 6 0.00043
545 7 0.00095
545 8 0.001284
546 1 0.000596
546 2 0.000554
546 3 0.000582
546 4 0.000552
546 5 0.000586
546 6 0.000452
546 7 0.00093
546 8 0.001518
547 1 0.000584
547 2 0.000518
547 3 0.000654
547 4 0.000568
547 5 0.000666
547 6 0.000514
547 7 0.000804
547 8 0.00191
548 1 0.00065
548 2 0.000636
548 3 0.000754
548 4 0.000756
548 5 0.000752
548 6 0.000616
548 7 0.000754
548 8 0.00254
549 1 0.000714
549 2 0.000796
549 3 0.000726
549 4 0.000804
549 5 0.000806
549 6 0.000766
549 7 0.000684
549 8 0.003238
550 1 0.000668
550 2 0.000908
550 3 0.00088
550 4 0.000958
550 5 0.000834
550 6 0.000968
550 7 0.000694
550 8 0.00413
551 1 0.000808
551 2 0.00096
551 3 0.00098
551 4 0.000998
551 5 0.000876
551 6 0.00106
551 7 0.000732
551 8 0.003794
552 1 0.00088
552 2 0.00116
552 3 0.000988
552 4 0.001086
552 5 0.000962
552 6 0.001052
552 7 0.00101
552 8 0.002328
553 1 0.001164
553 2 0.00133
553 3 0.001152
553 4 0.001178
553 5 0.001102
553 6 0.001218
553 7 0.001286
553 8 0.001078
554 1 0.00039
554 2 0.00046
554 3 0.00047
554 4 0.000392
554 5 0.000452
554 6 0.0007
554 7 0.001358
554 8 0.000598
555 1 0.000414
555 2 0.000474
555 3 0.000426
555 4 0.000398
555 5 0.00049
555 6 0.000878
555 7 0.001326
555 8 0.00055
556 1 0.000486
556 2 0.000444
556 3 0.000446
556 4 0.000442
556 5 0.00049
556 6 0.001118
556 7 0.001102
556 8 0.000506
557 1 0.000498
557 2 0.00051
557 3 0.00048
557 4 0.00047
557 5 0.000528
557 6 0.001228
557 7 0.001014
557 8 0.000486
558 1 0.0006
558 2 0.000598
558 3 0.000616
558 4 0.000542
558 5 0.000536
558 6 0.001546
558 7 0.00088
558 8 0.000494
559 1 0.000734
559 2 0.000642
559 3 0.000662
559 4 0.000538
559 5 0.000574
559 6 0.002006
559 7 0.000794
559 8 0.000494
560 1 0.000794
560 2 0.000718
560 3 0.000774
560 4 0.00066
560 5 0.00065
560 6 0.002556
560 7 0.000696
560 8 0.000624
561 1 0.000838
561 2 0.000836
561 3 0.00093
561 4 0.000714
561 5 0.00063
561 6 0.003274
561 7 0.00061
561 8 0.00069
562 1 0.00092
562 2 0.000932
562 3 0.000884
562 4 0.000856
562 5 0.000666
562 6 0.004154
562 7 0.000644
562 8 0.000902
563 1 0.00087
563 2 0.001002
563 3 0.000972
563 4 0.000896
563 5 0.00066
563 6 0.003914
563 7 0.000684
563 8 0.0011
564 1 0.001054
564 2 0.00105
564 3 0.001068
564 4 0.001098
564 5 0.000864
564 6 0.002154
564 7 0.001028
564 8 0.001078
565 1 0.001068
565 2 0.001068
565 3 0.001094
565 4 0.001134
565 5 0.0012
565 6 0.001082
565 7 0.00124
565 8 0.001054
566 1 0.00042
566 2 0.000504
566 3 0.000484
566 4 0.000532
566 5 0.000424
566 6 0.000652
566 7 0.001768
566 8 0.000656
567 1 0.000452
567 2 0.000544
567 3 0.000494
567 4 0.000462
567 5 0.000424
567 6 0.000634
567 7 0.001584
567 8 0.0008
568 1 0.00048
568 2 0.000566
568 3 0.000472
568 4 0.00057
568 5 0.000486
568 6 0.000552
568 7 0.001474
568 8 0.000908
569 1 0.000532
569 2 0.00055
569 3 0.000548
569 4 0.000512
569 5 0.000522
569 6 0.000494
569 7 0.001382
569 8 0.001056
570 1 0.000532
570 2 0.000634
570 3 0.00059
570 4 0.000556
570 5 0.000678
570 6 0.000518
570 7 0.001068
570 8 0.00125
571 1 0.000572
571 2 0.000642
571 3 0.00061
571 4 0.000638
571 5 0.000662
571 6 0.000548
571 7 0.000982
571 8 0.00155
572 1 0.000628
572 2 0.000804
572 3 0.000796
572 4 0.00068
572 5 0.000742
572 6 0.000612
572 7 0.000828
572 8 0.002012
573 1 0.000628
573 2 0.000756
573 3 0.000838
573 4 0.000766
573 5 0.000856
573 6 0.00071
573 7 0.000752
573 8 0.002716
574 1 0.000638
574 2 0.000818
574 3 0.000876
574 4 0.0009
574 5 0.000826
574 6 0.000844
574 7 0.000666
574 8 0.004268
575 1 0.000682
575 2 0.000936
575 3 0.000892
575 4 0.001092
575 5 0.000904
575 6 0.001034
575 7 0.000718
575 8 0.006746
576 1 0.000902
576 2 0.001042
576 3 0.001056
576 4 0.001052
576 5 0.001036
576 6 0.001036
576 7 0.00087
576 8 0.008252
577 1 0.000998
577 2 0.001158
577 3 0.000998
577 4 0.001048
577 5 0.001026
577 6 0.00115
577 7 0.001098
577 8 0.002486
578 1 0.000412
578 2 0.000532
578 3 0.000542
578 4 0.000528
578 5 0.000464
578 6 0.000744
578 7 0.001612
578 8 0.000642
579 1 0.000556
579 2 0.000604
579 3 0.00061
579 4 0.000494
579 5 0.000478
579 6 0.000908
579 7 0.001566
579 8 0.000578
580 1 0.000584
580 2 0.000656
580 3 0.00061
580 4 0.000534
580 5 0.000494
580 6 0.001016
580 7 0.001292
580 8 0.000496
581 1 0.000658
581 2 0.000648
581 3 0.000608
581 4 0.0006
581 5 0.000538
581 6 0.001246
581 7 0.001194
581 8 0.000488
582 1 0.000724
582 2 0.000704
582 3 0.000636
582 4 0.000686
582 5 0.000558
582 6 0.001486
582 7 0.00102
582 8 0.000496
583 1 0.00071
583 2 0.000754
583 3 0.000708
583 4 0.000706
583 5 0.00055
583 6 0.002044
583 7 0.000844
583 8 0.000632
584 1 0.000932
584 2 0.000856
584 3 0.000868
584 4 0.000746
584 5 0.000642
584 6 0.00282
584 7 0.00075
584 8 0.000738
585 1 0.000854
585 2 0.000954
585 3 0.000906
585 4 0.000906
585 5 0.000634
585 6 0.004236
585 7 0.00063
585 8 0.000888
586 1 0.00092
586 2 0.000922
586 3 0.000916
586 4 0.00099
586 5 0.000688
586 6 0.006608
586 7 0.000704
586 8 0.001016
587 1 0.000982
587 2 0.000996
587 3 0.000958
587 4 0.001182
587 5 0.000878
587 6 0.007982
587 7 0.000844
587 8 0.0011
588 1 0.001022
588 2 0.00105
588 3 0.001008
588 4 0.001146
588 5 0.00111
588 6 0.002372
588 7 0.001154
588 8 0.001164
589 1 0.000558
589 2 0.000602
589 3 0.000622
589 4 0.000736
589 5 0.00052
589 6 0.000682
589 7 0.002222
589 8 0.000664
590 1 0.00045
590 2 0.000644
590 3 0.000628
590 4 0.000694
590 5 0.000578
590 6 0.000602
590 7 0.002158
590 8 0.000756
591 1 0.000468
591 2 0.000714
591 3 0.000666
591 4 0.000636
591 5 0.000656
591 6 0.000532
591 7 0.001786
591 8 0.000846
592 1 0.000514
592 2 0.000752
592 3 0.000726
592 4 0.000756
592 5 0.000698
592 6 0.00063
592 7 0.001476
592 8 0.000996
593 1 0.000484
593 2 0.000734
593 3 0.000724
593 4 0.000744
593 5 0.000736
593 6 0.000538
593 7 0.00121
593 8 0.001164
594 1 0.000532
594 2 0.00074
594 3 0.00085
594 4 0.000866
594 5 0.000788
594 6 0.000588
594 7 0.001038
594 8 0.00148
595 1 0.000572
595 2 0.000842
595 3 0.000846
595 4 0.000884
595 5 0.000882
595 6 0.000736
595 7 0.000868
595 8 0.00177
596 1 0.00063
596 2 0.000962
596 3 0.00085
596 4 0.001008
596 5 0.000948
596 6 0.000852
596 7 0.00075
596 8 0.0025
597 1 0.000666
597 2 0.001042
597 3 0.000994
597 4 0.00106
597 5 0.000932
597 6 0.000956
597 7 0.000742
597 8 0.004018
598 1 0.00089
598 2 0.00107
598 3 0.001026
598 4 0.001012
598 5 0.000948
598 6 0.00105
598 7 0.000808
598 8 0.008068
599 1 0.00105
599 2 0.001086
599 3 0.00101
599 4 0.00104
599 5 0.001034
599 6 0.00121
599 7 0.001134
599 8 0.034414
600 1 0.00052
600 2 0.000684
600 3 0.000612
600 4 0.000648
600 5 0.000518
600 6 0.000742
600 7 0.002086
600 8 0.00057
601 1 0.000588
601 2 0.000692
601 3 0.000628
601 4 0.000688
601 5 0.000506
601 6 0.000824
601 7 0.00188
601 8 0.000606
602 1 0.000754
602 2 0.00072
602 3 0.000676
602 4 0.0007
602 5 0.000548
602 6 0.000934
602 7 0.001562
602 8 0.000584
603 1 0.000768
603 2 0.000706
603 3 0.000806
603 4 0.000752
603 5 0.000518
603 6 0.001182
603 7 0.00126
603 8 0.00056
604 1 0.000764
604 2 0.00081
604 3 0.000796
604 4 0.000718
604 5 0.000598
604 6 0.001498
604 7 0.001038
604 8 0.000634
605 1 0.00085
605 2 0.000856
605 3 0.000872
605 4 0.000936
605 5 0.000602
605 6 0.001764
605 7 0.000842
605 8 0.000754
606 1 0.000958
606 2 0.000906
606 3 0.000816
606 4 0.000938
606 5 0.000586
606 6 0.002508
606 7 0.000732
606 8 0.000878
607 1 0.001056
607 2 0.000944
607 3 0.000908
607 4 0.001018
607 5 0.000726
607 6 0.0039
607 7 0.000794
607 8 0.000984
608 1 0.001002
608 2 0.001008
608 3 0.001002
608 4 0.001114
608 5 0.000852
608 6 0.007964
608 7 0.000782
608 8 0.001018
609 1 0.001058
609 2 0.001098
609 3 0.00111
609 4 0.001134
609 5 0.001028
609 6 0.034596
609 7 0.001064
609 8 0.001192
610 1 0.000704
610 2 0.000806
610 3 0.000718
610 4 0.000782
610 5 0.000638
610 6 0.00065
610 7 0.002852
610 8 0.000652
611 1 0.000634
611 2 0.000862
611 3 0.000776
611 4 0.00085
611 5 0.000704
611 6 0.000656
611 7 0.002676
611 8 0.000716
612 1 0.000674
612 2 0.00084
612 3 0.00078
612 4 0.00082
612 5 0.00079
612 6 0.00056
612 7 0.002232
612 8 0.000814
613 1 0.000682
613 2 0.000816
613 3 0.00089
613 4 0.000792
613 5 0.000806
613 6 0.000626
613 7 0.001668
613 8 0.00088
614 1 0.00071
614 2 0.000874
614 3 0.000776
614 4 0.000866
614 5 0.000918
614 6 0.000616
614 7 0.001326
614 8 0.001108
615 1 0.00071
615 2 0.000852
615 3 0.000922
615 4 0.000864
615 5 0.000924
615 6 0.000714
615 7 0.001004
615 8 0.001224
616 1 0.000784
616 2 0.001026
616 3 0.000882
616 4 0.000932
616 5 0.000976
616 6 0.00087
616 7 0.000814
616 8 0.00141
617 1 0.000862
617 2 0.001028
617 3 0.000996
617 4 0.000922
617 5 0.000924
617 6 0.00102
617 7 0.000764
617 8 0.00184
618 1 0.00093
618 2 0.0011
618 3 0.001064
618 4 0.001116
618 5 0.001052
618 6 0.001124
618 7 0.000826
618 8 0.0023
619 1 0.001194
619 2 0.001142
619 3 0.00096
619 4 0.001092
619 5 0.001018
619 6 0.001218
619 7 0.00108
619 8 0.002406
620 1 0.0008
620 2 0.000858
620 3 0.00072
620 4 0.000766
620 5 0.00067
620 6 0.000774
620 7 0.002748
620 8 0.00058
621 1 0.00083
621 2 0.000768
621 3 0.000778
621 4 0.00087
621 5 0.00069
621 6 0.000838
621 7 0.002206
621 8 0.000564
622 1 0.000868
622 2 0.00088
622 3 0.000778
622 4 0.000832
622 5 0.00066
622 6 0.000874
622 7 0.001696
622 8 0.00055
623 1 0.000896
623 2 0.000858
623 3 0.000904
623 4 0.000898
623 5 0.000656
623 6 0.001052
623 7 0.001284
623 8 0.000642
624 1 0.000946
624 2 0.000928
624 3 0.000862
624 4 0.000842
624 5 0.000742
624 6 0.00119
624 7 0.001054
624 8 0.000698
625 1 0.000994
625 2 0.000906
625 3 0.000878
625 4 0.000988
625 5 0.000732
625 6 0.001412
625 7 0.000792
625 8 0.000844
626 1 0.000922
626 2 0.001072
626 3 0.000954
626 4 0.00104
626 5 0.000868
626 6 0.001766
626 7 0.000744
626 8 0.001056
627 1 0.001008
627 2 0.001036
627 3 0.000976
627 4 0.000994
627 5 0.000926
627 6 0.002266
627 7 0.000878
627 8 0.001094
628 1 0.001068
628 2 0.001114
628 3 0.000948
628 4 0.00118
628 5 0.001136
628 6 0.002454
628 7 0.001062
628 8 0.00117
629 1 0.00092
629 2 0.00095
629 3 0.000924
629 4 0.00085
629 5 0.00089
629 6 0.000644
629 7 0.00446
629 8 0.000654
630 1 0.000892
630 2 0.000892
630 3 0.000912
630 4 0.000858
630 5 0.001004
630 6 0.000562
630 7 0.003714
630 8 0.000702
631 1 0.000888
631 2 0.000918
631 3 0.000964
631 4 0.0009
631 5 0.000978
631 6 0.000568
631 7 0.00259
631 8 0.00068
632 1 0.00085
632 2 0.000956
632 3 0.000978
632 4 0.000864
632 5 0.000974
632 6 0.000724
632 7 0.001746
632 8 0.000756
633 1 0.000836
633 2 0.000986
633 3 0.000978
633 4 0.000962
633 5 0.00097
633 6 0.00082
633 7 0.001222
633 8 0.00078
634 1 0.00094
634 2 0.00095
634 3 0.00098
634 4 0.000974
634 5 0.001052
634 6 0.000956
634 7 0.001028
634 8 0.000944
635 1 0.000936
635 2 0.001
635 3 0.001002
635 4 0.000972
635 5 0.000978
635 6 0.000974
635 7 0.000818
635 8 0.001014
636 1 0.00107
636 2 0.00105
636 3 0.000988
636 4 0.001076
636 5 0.00098
636 6 0.001138
636 7 0.000882
636 8 0.001206
637 1 0.00128
637 2 0.001136
637 3 0.001086
637 4 0.001086
637 5 0.001124
637 6 0.001298
637 7 0.001224
637 8 0.001126
638 1 0.00091
638 2 0.000884
638 3 0.000914
638 4 0.00085
638 5 0.000792
638 6 0.000672
638 7 0.003786
638 8 0.000638
639 1 0.000896
639 2 0.00086
639 3 0.000908
639 4 0.000884
639 5 0.000842
639 6 0.000692
639 7 0.002632
639 8 0.000732
640 1 0.001004
640 2 0.000904
640 3 0.000894
640 4 0.00092
640 5 0.000838
640 6 0.000756
640 7 0.001764
640 8 0.00069
641 1 0.001052
641 2 0.000974
641 3 0.000934
641 4 0.00091
641 5 0.00085
641 6 0.000876
641 7 0.001214
641 8 0.000782
642 1 0.00108
642 2 0.000978
642 3 0.000922
642 4 0.001084
642 5 0.000892
642 6 0.001028
642 7 0.00101
642 8 0.0008
643 1 0.001036
643 2 0.001076
643 3 0.00096
643 4 0.000924
643 5 0.00093
643 6 0.00104
643 7 0.000806
643 8 0.001026
644 1 0.001006
644 2 0.000992
644 3 0.000992
644 4 0.001022
644 5 0.001132
644 6 0.001116
644 7 0.000786
644 8 0.001206
645 1 0.00102
645 2 0.001118
645 3 0.001052
645 4 0.001104
645 5 0.00127
645 6 0.001004
645 7 0.001102
645 8 0.001274
646 1 0.001082
646 2 0.000876
646 3 0.00108
646 4 0.000936
646 5 0.001098
646 6 0.000704
646 7 0.00815
646 8 0.000748
647 1 0.001018
647 2 0.000902
647 3 0.001044
647 4 0.000948
647 5 0.0011
647 6 0.000742
647 7 0.005498
647 8 0.000828
648 1 0.00105
648 2 0.00099
648 3 0.001026
648 4 0.00088
648 5 0.001044
648 6 0.000836
648 7 0.002746
648 8 0.000756
649 1 0.001016
649 2 0.000984
649 3 0.001004
649 4 0.000972
649 5 0.001082
649 6 0.000926
649 7 0.001628
649 8 0.00078
650 1 0.001074
650 2 0.001046
650 3 0.000958
650 4 0.000962
650 5 0.000968
650 6 0.001034
650 7 0.000992
650 8 0.00088
651 1 0.001202
651 2 0.001056
651 3 0.001004
651 4 0.001034
651 5 0.001062
651 6 0.00115
651 7 0.000932
651 8 0.000972
652 1 0.001186
652 2 0.001078
652 3 0.000996
652 4 0.001132
652 5 0.001092
652 6 0.001212
652 7 0.001108
652 8 0.001016
653 1 0.001046
653 2 0.000922
653 3 0.001028
653 4 0.000896
653 5 0.001028
653 6 0.000736
653 7 0.005596
653 8 0.000784
654 1 0.001164
654 2 0.000988
654 3 0.00092
654 4 0.000948
654 5 0.001058
654 6 0.00075
654 7 0.002874
654 8 0.000842
655 1 0.001048
655 2 0.00093
655 3 0.001086
655 4 0.001014
655 5 0.001046
655 6 0.000822
655 7 0.001492
655 8 0.00092
656 1 0.00111
656 2 0.00106
656 3 0.001004
656 4 0.000986
656 5 0.00101
656 6 0.000848
656 7 0.001142
656 8 0.001024
657 1 0.001052
657 2 0.00106
657 3 0.000992
657 4 0.001076
657 5 0.00112
657 6 0.000906
657 7 0.000964
657 8 0.001184
658 1 0.001126
658 2 0.001016
658 3 0.001092
658 4 0.001166
658 5 0.00121
658 6 0.000976
658 7 0.001082
658 8 0.00118
659 1 0.001144
659 2 0.001076
659 3 0.001066
659 4 0.001036
659 5 0.00102
659 6 0.001
659 7 0.027732
659 8 0.00103
660 1 0.001176
660 2 0.00107
660 3 0.001032
660 4 0.000926
660 5 0.00113
660 6 0.00104
660 7 0.004898
660 8 0.001008
661 1 0.00112
661 2 0.000966
661 3 0.001066
661 4 0.000926
661 5 0.001226
661 6 0.00115
661 7 0.001566
661 8 0.00103
662 1 0.001114
662 2 0.001036
662 3 0.00113
662 4 0.000986
662 5 0.001186
662 6 0.001222
662 7 0.001072
662 8 0.001108
663 1 0.001038
663 2 0.000976
663 3 0.001132
663 4 0.001026
663 5 0.001136
663 6 0.001052
663 7 0.004866
663 8 0.001024
664 1 0.001126
664 2 0.001042
664 3 0.00102
664 4 0.001006
664 5 0.00112
664 6 0.001004
664 7 0.001558
664 8 0.001148
665 1 0.001154
665 2 0.000972
665 3 0.001136
665 4 0.000972
665 5 0.00125
665 6 0.00102
665 7 0.000928
665 8 0.00109
