pixelID x y
1 0 0
2 0.5 0
3 1 0
4 1.5 0
5 2 0
6 2.5 0
7 3 0
8 3.5 0
9 4 0
10 4.5 0
11 5 0
12 5.5 0
13 6 0
14 6.5 0
15 7 0
16 7.5 0
17 8 0
18 8.5 0
19 9 0
20 9.5 0
21 10 0
22 10.5 0
23 11 0
24 11.5 0
25 12 0
26 12.5 0
27 13 0
28 13.5 0
29 14 0
30 -0.5 0
31 -1 0
32 -1.5 0
33 -2 0
34 -2.5 0
35 -3 0
36 -3.5 0
37 -4 0
38 -4.5 0
39 -5 0
40 -5.5 0
41 -6 0
42 -6.5 0
43 -7 0
44 -7.5 0
45 -8 0
46 -8.5 0
47 -9 0
48 -9.5 0
49 -10 0
50 -10.5 0
51 -11 0
52 -11.5 0
53 -12 0
54 -12.5 0
55 -13 0
56 -13.5 0
57 -14 0
58 0 0.5
59 0.5 0.5
60 1 0.5
61 1.5 0.5
62 2 0.5
63 2.5 0.5
64 3 0.5
65 3.5 0.5
66 4 0.5
67 4.5 0.5
68 5 0.5
69 5.5 0.5
70 6 0.5
71 6.5 0.5
72 7 0.5
73 7.5 0.5
74 8 0.5
75 8.5 0.5
76 9 0.5
77 9.5 0.5
78 10 0.5
79 10.5 0.5
80 11 0.5
81 11.5 0.5
82 12 0.5
83 12.5 0.5
84 13 0.5
85 13.5 0.5
86 14 0.5
87 -0.5 0.5
88 -1 0.5
89 -1.5 0.5
90 -2 0.5
91 -2.5 0.5
92 -3 0.5
93 -3.5 0.5
94 -4 0.5
95 -4.5 0.5
96 -5 0.5
97 -5.5 0.5
98 -6 0.5
99 -6.5 0.5
100 -7 0.5
101 -7.5 0.5
102 -8 0.5
103 -8.5 0.5
104 -9 0.5
105 -9.5 0.5
106 -10 0.5
107 -10.5 0.5
108 -11 0.5
109 -11.5 0.5
110 -12 0.5
111 -12.5 0.5
112 -13 0.5
113 -13.5 0.5
114 -14 0.5
115 0 1
116 0.5 1
117 1 1
118 1.5 1
119 2 1
120 2.5 1
121 3 1
122 3.5 1
123 4 1
124 4.5 1
125 5 1
126 5.5 1
127 6 1
128 6.5 1
129 7 1
130 7.5 1
131 8 1
132 8.5 1
133 9 1
134 9.5 1
135 10 1
136 10.5 1
137 11 1
138 11.5 1
139 12 1
140 12.5 1
141 13 1
142 13.5 1
143 14 1
144 -0.5 1
145 -1 1
146 -1.5 1
147 -2 1
148 -2.5 1
149 -3 1
150 -3.5 1
151 -4 1
152 -4.5 1
153 -5 1
154 -5.5 1
155 -6 1
156 -6.5 1
157 -7 1
158 -7.5 1
159 -8 1
160 -8.5 1
161 -9 1
162 -9.5 1
163 -10 1
164 -10.5 1
165 -11 1
166 -11.5 1
167 -12 1
168 -12.5 1
169 -13 1
170 -13.5 1
171 -14 1
172 0 1.5
173 0.5 1.5
174 1 1.5
175 1.5 1.5
176 2 1.5
177 2.5 1.5
178 3 1.5
179 3.5 1.5
180 4 1.5
181 4.5 1.5
182 5 1.5
183 5.5 1.5
184 6 1.5
185 6.5 1.5
186 7 1.5
187 7.5 1.5
188 8 1.5
189 8.5 1.5
190 9 1.5
191 9.5 1.5
192 10 1.5
193 10.5 1.5
194 11 1.5
195 11.5 1.5
196 12 1.5
197 12.5 1.5
198 13 1.5
199 13.5 1.5
200 14 1.5
201 -0.5 1.5
202 -1 1.5
203 -1.5 1.5
204 -2 1.5
205 -2.5 1.5
206 -3 1.5
207 -3.5 1.5
208 -4 1.5
209 -4.5 1.5
210 -5 1.5
211 -5.5 1.5
212 -6 1.5
213 -6.5 1.5
214 -7 1.5
215 -7.5 1.5
216 -8 1.5
217 -8.5 1.5
218 -9 1.5
219 -9.5 1.5
220 -10 1.5
221 -10.5 1.5
222 -11 1.5
223 -11.5 1.5
224 -12 1.5
225 -12.5 1.5
226 -13 1.5
227 -13.5 1.5
228 -14 1.5
229 0 2
230 0.5 2
231 1 2
232 1.5 2
233 2 2
234 2.5 2
235 3 2
236 3.5 2
237 4 2
238 4.5 2
239 5 2
240 5.5 2
241 6 2
242 6.5 2
243 7 2
244 7.5 2
245 8 2
246 8.5 2
247 9 2
248 9.5 2
249 10 2
250 10.5 2
251 11 2
252 11.5 2
253 12 2
254 12.5 2
255 13 2
256 13.5 2
257 14 2
258 -0.5 2
259 -1 2
260 -1.5 2
261 -2 2
262 -2.5 2
263 -3 2
264 -3.5 2
265 -4 2
266 -4.5 2
267 -5 2
268 -5.5 2
269 -6 2
270 -6.5 2
271 -7 2
272 -7.5 2
273 -8 2
274 -8.5 2
275 -9 2
276 -9.5 2
277 -10 2
278 -10.5 2
279 -11 2
280 -11.5 2
281 -12 2
282 -12.5 2
283 -13 2
284 -13.5 2
285 -14 2
286 0 2.5
287 0.5 2.5
288 1 2.5
289 1.5 2.5
290 2 2.5
291 2.5 2.5
292 3 2.5
293 3.5 2.5
294 4 2.5
295 4.5 2.5
296 5 2.5
297 5.5 2.5
298 6 2.5
299 6.5 2.5
300 7 2.5
301 7.5 2.5
302 8 2.5
303 8.5 2.5
304 9 2.5
305 9.5 2.5
306 10 2.5
307 10.5 2.5
308 11 2.5
309 11.5 2.5
310 12 2.5
311 12.5 2.5
312 13 2.5
313 13.5 2.5
314 14 2.5
315 -0.5 2.5
316 -1 2.5
317 -1.5 2.5
318 -2 2.5
319 -2.5 2.5
320 -3 2.5
321 -3.5 2.5
322 -4 2.5
323 -4.5 2.5
324 -5 2.5
325 -5.5 2.5
326 -6 2.5
327 -6.5 2.5
328 -7 2.5
329 -7.5 2.5
330 -8 2.5
331 -8.5 2.5
332 -9 2.5
333 -9.5 2.5
334 -10 2.5
335 -10.5 2.5
336 -11 2.5
337 -11.5 2.5
338 -12 2.5
339 -12.5 2.5
340 -13 2.5
341 -13.5 2.5
342 -14 2.5
343 0 3
344 0.5 3
345 1 3
346 1.5 3
347 2 3
348 2.5 3
349 3 3
350 3.5 3
351 4 3
352 4.5 3
353 5 3
354 5.5 3
355 6 3
356 6.5 3
357 7 3
358 7.5 3
359 8 3
360 8.5 3
361 9 3
362 9.5 3
363 10 3
364 10.5 3
365 11 3
366 11.5 3
367 12 3
368 12.5 3
369 13 3
370 13.5 3
371 14 3
372 -0.5 3
373 -1 3
374 -1.5 3
375 -2 3
376 -2.5 3
377 -3 3
378 -3.5 3
379 -4 3
380 -4.5 3
381 -5 3
382 -5.5 3
383 -6 3
384 -6.5 3
385 -7 3
386 -7.5 3
387 -8 3
388 -8.5 3
389 -9 3
390 -9.5 3
391 -10 3
392 -10.5 3
393 -11 3
394 -11.5 3
395 -12 3
396 -12.5 3
397 -13 3
398 -13.5 3
399 -14 3
400 0 3.5
401 0.5 3.5
402 1 3.5
403 1.5 3.5
404 2 3.5
405 2.5 3.5
406 3 3.5
407 3.5 3.5
408 4 3.5
409 4.5 3.5
410 5 3.5
411 5.5 3.5
412 6 3.5
413 6.5 3.5
414 7 3.5
415 7.5 3.5
416 8 3.5
417 8.5 3.5
418 9 3.5
419 9.5 3.5
420 10 3.5
421 10.5 3.5
422 11 3.5
423 11.5 3.5
424 12 3.5
425 12.5 3.5
426 13 3.5
427 13.5 3.5
428 14 3.5
429 -0.5 3.5
430 -1 3.5
431 -1.5 3.5
432 -2 3.5
433 -2.5 3.5
434 -3 3.5
435 -3.5 3.5
436 -4 3.5
437 -4.5 3.5
438 -5 3.5
439 -5.5 3.5
440 -6 3.5
441 -6.5 3.5
442 -7 3.5
443 -7.5 3.5
444 -8 3.5
445 -8.5 3.5
446 -9 3.5
447 -9.5 3.5
448 -10 3.5
449 -10.5 3.5
450 -11 3.5
451 -11.5 3.5
452 -12 3.5
453 -12.5 3.5
454 -13 3.5
455 -13.5 3.5
456 -14 3.5
457 0 4
458 0.5 4
459 1 4
460 1.5 4
461 2 4
462 2.5 4
463 3 4
464 3.5 4
465 4 4
466 4.5 4
467 5 4
468 5.5 4
469 6 4
470 6.5 4
471 7 4
472 7.5 4
473 8 4
474 8.5 4
475 9 4
476 9.5 4
477 10 4
478 10.5 4
479 11 4
480 11.5 4
481 12 4
482 12.5 4
483 13 4
484 13.5 4
485 -0.5 4
486 -1 4
487 -1.5 4
488 -2 4
489 -2.5 4
490 -3 4
491 -3.5 4
492 -4 4
493 -4.5 4
494 -5 4
495 -5.5 4
496 -6 4
497 -6.5 4
498 -7 4
499 -7.5 4
500 -8 4
501 -8.5 4
502 -9 4
503 -9.5 4
504 -10 4
505 -10.5 4
506 -11 4
507 -11.5 4
508 -12 4
509 -12.5 4
510 -13 4
511 -13.5 4
512 0 4.5
513 0.5 4.5
514 1 4.5
515 1.5 4.5
516 2 4.5
517 2.5 4.5
518 3 4.5
519 3.5 4.5
520 4 4.5
521 4.5 4.5
522 5 4.5
523 5.5 4.5
524 6 4.5
525 6.5 4.5
526 7 4.5
527 7.5 4.5
528 8 4.5
529 8.5 4.5
530 9 4.5
531 9.5 4.5
532 10 4.5
533 10.5 4.5
534 11 4.5
535 11.5 4.5
536 12 4.5
537 12.5 4.5
538 13 4.5
539 13.5 4.5
540 -0.5 4.5
541 -1 4.5
542 -1.5 4.5
543 -2 4.5
544 -2.5 4.5
545 -3 4.5
546 -3.5 4.5
547 -4 4.5
548 -4.5 4.5
549 -5 4.5
550 -5.5 4.5
551 -6 4.5
552 -6.5 4.5
553 -7 4.5
554 -7.5 4.5
555 -8 4.5
556 -8.5 4.5
557 -9 4.5
558 -9.5 4.5
559 -10 4.5
560 -10.5 4.5
561 -11 4.5
562 -11.5 4.5
563 -12 4.5
564 -12.5 4.5
565 -13 4.5
566 -13.5 4.5
567 0 5
568 0.5 5
569 1 5
570 1.5 5
571 2 5
572 2.5 5
573 3 5
574 3.5 5
575 4 5
576 4.5 5
577 5 5
578 5.5 5
579 6 5
580 6.5 5
581 7 5
582 7.5 5
583 8 5
584 8.5 5
585 9 5
586 9.5 5
587 10 5
588 10.5 5
589 11 5
590 11.5 5
591 12 5
592 12.5 5
593 13 5
594 13.5 5
595 -0.5 5
596 -1 5
597 -1.5 5
598 -2 5
599 -2.5 5
600 -3 5
601 -3.5 5
602 -4 5
603 -4.5 5
604 -5 5
605 -5.5 5
606 -6 5
607 -6.5 5
608 -7 5
609 -7.5 5
610 -8 5
611 -8.5 5
612 -9 5
613 -9.5 5
614 -10 5
615 -10.5 5
616 -11 5
617 -11.5 5
618 -12 5
619 -12.5 5
620 -13 5
621 -13.5 5
622 0 5.5
623 0.5 5.5
624 1 5.5
625 1.5 5.5
626 2 5.5
627 2.5 5.5
628 3 5.5
629 3.5 5.5
630 4 5.5
631 4.5 5.5
632 5 5.5
633 5.5 5.5
634 6 5.5
635 6.5 5.5
636 7 5.5
637 7.5 5.5
638 8 5.5
639 8.5 5.5
640 9 5.5
641 9.5 5.5
642 10 5.5
643 10.5 5.5
644 11 5.5
645 11.5 5.5
646 12 5.5
647 12.5 5.5
648 13 5.5
649 -0.5 5.5
650 -1 5.5
651 -1.5 5.5
652 -2 5.5
653 -2.5 5.5
654 -3 5.5
655 -3.5 5.5
656 -4 5.5
657 -4.5 5.5
658 -5 5.5
659 -5.5 5.5
660 -6 5.5
661 -6.5 5.5
662 -7 5.5
663 -7.5 5.5
664 -8 5.5
665 -8.5 5.5
666 -9 5.5
667 -9.5 5.5
668 -10 5.5
669 -10.5 5.5
670 -11 5.5
671 -11.5 5.5
672 -12 5.5
673 -12.5 5.5
674 -13 5.5
675 0 6
676 0.5 6
677 1 6
678 1.5 6
679 2 6
680 2.5 6
681 3 6
682 3.5 6
683 4 6
684 4.5 6
685 5 6
686 5.5 6
687 6 6
688 6.5 6
689 7 6
690 7.5 6
691 8 6
692 8.5 6
693 9 6
694 9.5 6
695 10 6
696 10.5 6
697 11 6
698 11.5 6
699 12 6
700 12.5 6
701 13 6
702 -0.5 6
703 -1 6
704 -1.5 6
705 -2 6
706 -2.5 6
707 -3 6
708 -3.5 6
709 -4 6
710 -4.5 6
711 -5 6
712 -5.5 6
713 -6 6
714 -6.5 6
715 -7 6
716 -7.5 6
717 -8 6
718 -8.5 6
719 -9 6
720 -9.5 6
721 -10 6
722 -10.5 6
723 -11 6
724 -11.5 6
725 -12 6
726 -12.5 6
727 -13 6
728 0 6.5
729 0.5 6.5
730 1 6.5
731 1.5 6.5
732 2 6.5
733 2.5 6.5
734 3 6.5
735 3.5 6.5
736 4 6.5
737 4.5 6.5
738 5 6.5
739 5.5 6.5
740 6 6.5
741 6.5 6.5
742 7 6.5
743 7.5 6.5
744 8 6.5
745 8.5 6.5
746 9 6.5
747 9.5 6.5
748 10 6.5
749 10.5 6.5
750 11 6.5
751 11.5 6.5
752 12 6.5
753 12.5 6.5
754 -0.5 6.5
755 -1 6.5
756 -1.5 6.5
757 -2 6.5
758 -2.5 6.5
759 -3 6.5
760 -3.5 6.5
761 -4 6.5
762 -4.5 6.5
763 -5 6.5
764 -5.5 6.5
765 -6 6.5
766 -6.5 6.5
767 -7 6.5
768 -7.5 6.5
769 -8 6.5
770 -8.5 6.5
771 -9 6.5
772 -9.5 6.5
773 -10 6.5
774 -10.5 6.5
775 -11 6.5
776 -11.5 6.5
777 -12 6.5
778 -12.5 6.5
779 0 7
780 0.5 7
781 1 7
782 1.5 7
783 2 7
784 2.5 7
785 3 7
786 3.5 7
787 4 7
788 4.5 7
789 5 7
790 5.5 7
791 6 7
792 6.5 7
793 7 7
794 7.5 7
795 8 7
796 8.5 7
797 9 7
798 9.5 7
799 10 7
800 10.5 7
801 11 7
802 11.5 7
803 12 7
804 12.5 7
805 -0.5 7
806 -1 7
807 -1.5 7
808 -2 7
809 -2.5 7
810 -3 7
811 -3.5 7
812 -4 7
813 -4.5 7
814 -5 7
815 -5.5 7
816 -6 7
817 -6.5 7
818 -7 7
819 -7.5 7
820 -8 7
821 -8.5 7
822 -9 7
823 -9.5 7
824 -10 7
825 -10.5 7
826 -11 7
827 -11.5 7
828 -12 7
829 -12.5 7
830 0 7.5
831 0.5 7.5
832 1 7.5
833 1.5 7.5
834 2 7.5
835 2.5 7.5
836 3 7.5
837 3.5 7.5
838 4 7.5
839 4.5 7.5
840 5 7.5
841 5.5 7.5
842 6 7.5
843 6.5 7.5
844 7 7.5
845 7.5 7.5
846 8 7.5
847 8.5 7.5
848 9 7.5
849 9.5 7.5
850 10 7.5
851 10.5 7.5
852 11 7.5
853 11.5 7.5
854 12 7.5
855 -0.5 7.5
856 -1 7.5
857 -1.5 7.5
858 -2 7.5
859 -2.5 7.5
860 -3 7.5
861 -3.5 7.5
862 -4 7.5
863 -4.5 7.5
864 -5 7.5
865 -5.5 7.5
866 -6 7.5
867 -6.5 7.5
868 -7 7.5
869 -7.5 7.5
870 -8 7.5
871 -8.5 7.5
872 -9 7.5
873 -9.5 7.5
874 -10 7.5
875 -10.5 7.5
876 -11 7.5
877 -11.5 7.5
878 -12 7.5
879 0 8
880 0.5 8
881 1 8
882 1.5 8
883 2 8
884 2.5 8
885 3 8
886 3.5 8
887 4 8
888 4.5 8
889 5 8
890 5.5 8
891 6 8
892 6.5 8
893 7 8
894 7.5 8
895 8 8
896 8.5 8
897 9 8
898 9.5 8
899 10 8
900 10.5 8
901 11 8
902 11.5 8
903 12 8
904 -0.5 8
905 -1 8
906 -1.5 8
907 -2 8
908 -2.5 8
909 -3 8
910 -3.5 8
911 -4 8
912 -4.5 8
913 -5 8
914 -5.5 8
915 -6 8
916 -6.5 8
917 -7 8
918 -7.5 8
919 -8 8
920 -8.5 8
921 -9 8
922 -9.5 8
923 -10 8
924 -10.5 8
925 -11 8
926 -11.5 8
927 -12 8
928 0 8.5
929 0.5 8.5
930 1 8.5
931 1.5 8.5
932 2 8.5
933 2.5 8.5
934 3 8.5
935 3.5 8.5
936 4 8.5
937 4.5 8.5
938 5 8.5
939 5.5 8.5
940 6 8.5
941 6.5 8.5
942 7 8.5
943 7.5 8.5
944 8 8.5
945 8.5 8.5
946 9 8.5
947 9.5 8.5
948 10 8.5
949 10.5 8.5
950 11 8.5
951 11.5 8.5
952 -0.5 8.5
953 -1 8.5
954 -1.5 8.5
955 -2 8.5
956 -2.5 8.5
957 -3 8.5
958 -3.5 8.5
959 -4 8.5
960 -4.5 8.5
961 -5 8.5
962 -5.5 8.5
963 -6 8.5
964 -6.5 8.5
965 -7 8.5
966 -7.5 8.5
967 -8 8.5
968 -8.5 8.5
969 -9 8.5
970 -9.5 8.5
971 -10 8.5
972 -10.5 8.5
973 -11 8.5
974 -11.5 8.5
975 0 9
976 0.5 9
977 1 9
978 1.5 9
979 2 9
980 2.5 9
981 3 9
982 3.5 9
983 4 9
984 4.5 9
985 5 9
986 5.5 9
987 6 9
988 6.5 9
989 7 9
990 7.5 9
991 8 9
992 8.5 9
993 9 9
994 9.5 9
995 10 9
996 10.5 9
997 11 9
998 -0.5 9
999 -1 9
1000 -1.5 9
1001 -2 9
1002 -2.5 9
1003 -3 9
1004 -3.5 9
1005 -4 9
1006 -4.5 9
1007 -5 9
1008 -5.5 9
1009 -6 9
1010 -6.5 9
1011 -7 9
1012 -7.5 9
1013 -8 9
1014 -8.5 9
1015 -9 9
1016 -9.5 9
1017 -10 9
1018 -10.5 9
1019 -11 9
1020 0 9.5
1021 0.5 9.5
1022 1 9.5
1023 1.5 9.5
1024 2 9.5
1025 2.5 9.5
1026 3 9.5
1027 3.5 9.5
1028 4 9.5
1029 4.5 9.5
1030 5 9.5
1031 5.5 9.5
1032 6 9.5
1033 6.5 9.5
1034 7 9.5
1035 7.5 9.5
1036 8 9.5
1037 8.5 9.5
1038 9 9.5
1039 9.5 9.5
1040 10 9.5
1041 10.5 9.5
1042 -0.5 9.5
1043 -1 9.5
1044 -1.5 9.5
1045 -2 9.5
1046 -2.5 9.5
1047 -3 9.5
1048 -3.5 9.5
1049 -4 9.5
1050 -4.5 9.5
1051 -5 9.5
1052 -5.5 9.5
1053 -6 9.5
1054 -6.5 9.5
1055 -7 9.5
1056 -7.5 9.5
1057 -8 9.5
1058 -8.5 9.5
1059 -9 9.5
1060 -9.5 9.5
1061 -10 9.5
1062 -10.5 9.5
1063 0 10
1064 0.5 10
1065 1 10
1066 1.5 10
1067 2 10
1068 2.5 10
1069 3 10
1070 3.5 10
1071 4 10
1072 4.5 10
1073 5 10
1074 5.5 10
1075 6 10
1076 6.5 10
1077 7 10
1078 7.5 10
1079 8 10
1080 8.5 10
1081 9 10
1082 9.5 10
1083 10 10
1084 -0.5 10
1085 -1 10
1086 -1.5 10
1087 -2 10
1088 -2.5 10
1089 -3 10
1090 -3.5 10
1091 -4 10
1092 -4.5 10
1093 -5 10
1094 -5.5 10
1095 -6 10
1096 -6.5 10
1097 -7 10
1098 -7.5 10
1099 -8 10
1100 -8.5 10
1101 -9 10
1102 -9.5 10
1103 -10 10
1104 0 10.5
1105 0.5 10.5
1106 1 10.5
1107 1.5 10.5
1108 2 10.5
1109 2.5 10.5
1110 3 10.5
1111 3.5 10.5
1112 4 10.5
1113 4.5 10.5
1114 5 10.5
1115 5.5 10.5
1116 6 10.5
1117 6.5 10.5
1118 7 10.5
1119 7.5 10.5
1120 8 10.5
1121 8.5 10.5
1122 9 10.5
1123 9.5 10.5
1124 -0.5 10.5
1125 -1 10.5
1126 -1.5 10.5
1127 -2 10.5
1128 -2.5 10.5
1129 -3 10.5
1130 -3.5 10.5
1131 -4 10.5
1132 -4.5 10.5
1133 -5 10.5
1134 -5.5 10.5
1135 -6 10.5
1136 -6.5 10.5
1137 -7 10.5
1138 -7.5 10.5
1139 -8 10.5
1140 -8.5 10.5
1141 -9 10.5
1142 -9.5 10.5
1143 0 11
1144 0.5 11
1145 1 11
1146 1.5 11
1147 2 11
1148 2.5 11
1149 3 11
1150 3.5 11
1151 4 11
1152 4.5 11
1153 5 11
1154 5.5 11
1155 6 11
1156 6.5 11
1157 7 11
1158 7.5 11
1159 8 11
1160 8.5 11
1161 9 11
1162 -0.5 11
1163 -1 11
1164 -1.5 11
1165 -2 11
1166 -2.5 11
1167 -3 11
1168 -3.5 11
1169 -4 11
1170 -4.5 11
1171 -5 11
1172 -5.5 11
1173 -6 11
1174 -6.5 11
1175 -7 11
1176 -7.5 11
1177 -8 11
1178 -8.5 11
1179 -9 11
1180 0 11.5
1181 0.5 11.5
1182 1 11.5
1183 1.5 11.5
1184 2 11.5
1185 2.5 11.5
1186 3 11.5
1187 3.5 11.5
1188 4 11.5
1189 4.5 11.5
1190 5 11.5
1191 5.5 11.5
1192 6 11.5
1193 6.5 11.5
1194 7 11.5
1195 7.5 11.5
1196 8 11.5
1197 8.5 11.5
1198 -0.5 11.5
1199 -1 11.5
1200 -1.5 11.5
1201 -2 11.5
1202 -2.5 11.5
1203 -3 11.5
1204 -3.5 11.5
1205 -4 11.5
1206 -4.5 11.5
1207 -5 11.5
1208 -5.5 11.5
1209 -6 11.5
1210 -6.5 11.5
1211 -7 11.5
1212 -7.5 11.5
1213 -8 11.5
1214 -8.5 11.5
1215 0 12
1216 0.5 12
1217 1 12
1218 1.5 12
1219 2 12
1220 2.5 12
1221 3 12
1222 3.5 12
1223 4 12
1224 4.5 12
1225 5 12
1226 5.5 12
1227 6 12
1228 6.5 12
1229 7 12
1230 7.5 12
1231 8 12
1232 -0.5 12
1233 -1 12
1234 -1.5 12
1235 -2 12
1236 -2.5 12
1237 -3 12
1238 -3.5 12
1239 -4 12
1240 -4.5 12
1241 -5 12
1242 -5.5 12
1243 -6 12
1244 -6.5 12
1245 -7 12
1246 -7.5 12
1247 -8 12
1248 0 12.5
1249 0.5 12.5
1250 1 12.5
1251 1.5 12.5
1252 2 12.5
1253 2.5 12.5
1254 3 12.5
1255 3.5 12.5
1256 4 12.5
1257 4.5 12.5
1258 5 12.5
1259 5.5 12.5
1260 6 12.5
1261 6.5 12.5
1262 7 12.5
1263 -0.5 12.5
1264 -1 12.5
1265 -1.5 12.5
1266 -2 12.5
1267 -2.5 12.5
1268 -3 12.5
1269 -3.5 12.5
1270 -4 12.5
1271 -4.5 12.5
1272 -5 12.5
1273 -5.5 12.5
1274 -6 12.5
1275 -6.5 12.5
1276 -7 12.5
1277 0 13
1278 0.5 13
1279 1 13
1280 1.5 13
1281 2 13
1282 2.5 13
1283 3 13
1284 3.5 13
1285 4 13
1286 4.5 13
1287 5 13
1288 5.5 13
1289 6 13
1290 -0.5 13
1291 -1 13
1292 -1.5 13
1293 -2 13
1294 -2.5 13
1295 -3 13
1296 -3.5 13
1297 -4 13
1298 -4.5 13
1299 -5 13
1300 -5.5 13
1301 -6 13
1302 0 13.5
1303 0.5 13.5
1304 1 13.5
1305 1.5 13.5
1306 2 13.5
1307 2.5 13.5
1308 3 13.5
1309 3.5 13.5
1310 4 13.5
1311 4.5 13.5
1312 5 13.5
1313 -0.5 13.5
1314 -1 13.5
1315 -1.5 13.5
1316 -2 13.5
1317 -2.5 13.5
1318 -3 13.5
1319 -3.5 13.5
1320 -4 13.5
1321 -4.5 13.5
1322 -5 13.5
1323 0 14
1324 0.5 14
1325 1 14
1326 1.5 14
1327 2 14
1328 2.5 14
1329 3 14
1330 3.5 14
1331 -0.5 14
1332 -1 14
1333 -1.5 14
1334 -2 14
1335 -2.5 14
1336 -3 14
1337 -3.5 14
1338 0 -0.5
1339 0.5 -0.5
1340 1 -0.5
1341 1.5 -0.5
1342 2 -0.5
1343 2.5 -0.5
1344 3 -0.5
1345 3.5 -0.5
1346 4 -0.5
1347 4.5 -0.5
1348 5 -0.5
1349 5.5 -0.5
1350 6 -0.5
1351 6.5 -0.5
1352 7 -0.5
1353 7.5 -0.5
1354 8 -0.5
1355 8.5 -0.5
1356 9 -0.5
1357 9.5 -0.5
1358 10 -0.5
1359 10.5 -0.5
1360 11 -0.5
1361 11.5 -0.5
1362 12 -0.5
1363 12.5 -0.5
1364 13 -0.5
1365 13.5 -0.5
1366 14 -0.5
1367 -0.5 -0.5
1368 -1 -0.5
1369 -1.5 -0.5
1370 -2 -0.5
1371 -2.5 -0.5
1372 -3 -0.5
1373 -3.5 -0.5
1374 -4 -0.5
1375 -4.5 -0.5
1376 -5 -0.5
1377 -5.5 -0.5
1378 -6 -0.5
1379 -6.5 -0.5
1380 -7 -0.5
1381 -7.5 -0.5
1382 -8 -0.5
1383 -8.5 -0.5
1384 -9 -0.5
1385 -9.5 -0.5
1386 -10 -0.5
1387 -10.5 -0.5
1388 -11 -0.5
1389 -11.5 -0.5
1390 -12 -0.5
1391 -12.5 -0.5
1392 -13 -0.5
1393 -13.5 -0.5
1394 -14 -0.5
1395 0 -1
1396 0.5 -1
1397 1 -1
1398 1.5 -1
1399 2 -1
1400 2.5 -1
1401 3 -1
1402 3.5 -1
1403 4 -1
1404 4.5 -1
1405 5 -1
1406 5.5 -1
1407 6 -1
1408 6.5 -1
1409 7 -1
1410 7.5 -1
1411 8 -1
1412 8.5 -1
1413 9 -1
1414 9.5 -1
1415 10 -1
1416 10.5 -1
1417 11 -1
1418 11.5 -1
1419 12 -1
1420 12.5 -1
1421 13 -1
1422 13.5 -1
1423 14 -1
1424 -0.5 -1
1425 -1 -1
1426 -1.5 -1
1427 -2 -1
1428 -2.5 -1
1429 -3 -1
1430 -3.5 -1
1431 -4 -1
1432 -4.5 -1
1433 -5 -1
1434 -5.5 -1
1435 -6 -1
1436 -6.5 -1
1437 -7 -1
1438 -7.5 -1
1439 -8 -1
1440 -8.5 -1
1441 -9 -1
1442 -9.5 -1
1443 -10 -1
1444 -10.5 -1
1445 -11 -1
1446 -11.5 -1
1447 -12 -1
1448 -12.5 -1
1449 -13 -1
1450 -13.5 -1
1451 -14 -1
1452 0 -1.5
1453 0.5 -1.5
1454 1 -1.5
1455 1.5 -1.5
1456 2 -1.5
1457 2.5 -1.5
1458 3 -1.5
1459 3.5 -1.5
1460 4 -1.5
1461 4.5 -1.5
1462 5 -1.5
1463 5.5 -1.5
1464 6 -1.5
1465 6.5 -1.5
1466 7 -1.5
1467 7.5 -1.5
1468 8 -1.5
1469 8.5 -1.5
1470 9 -1.5
1471 9.5 -1.5
1472 10 -1.5
1473 10.5 -1.5
1474 11 -1.5
1475 11.5 -1.5
1476 12 -1.5
1477 12.5 -1.5
1478 13 -1.5
1479 13.5 -1.5
1480 14 -1.5
1481 -0.5 -1.5
1482 -1 -1.5
1483 -1.5 -1.5
1484 -2 -1.5
1485 -2.5 -1.5
1486 -3 -1.5
1487 -3.5 -1.5
1488 -4 -1.5
1489 -4.5 -1.5
1490 -5 -1.5
1491 -5.5 -1.5
1492 -6 -1.5
1493 -6.5 -1.5
1494 -7 -1.5
1495 -7.5 -1.5
1496 -8 -1.5
1497 -8.5 -1.5
1498 -9 -1.5
1499 -9.5 -1.5
1500 -10 -1.5
1501 -10.5 -1.5
1502 -11 -1.5
1503 -11.5 -1.5
1504 -12 -1.5
1505 -12.5 -1.5
1506 -13 -1.5
1507 -13.5 -1.5
1508 -14 -1.5
1509 0 -2
1510 0.5 -2
1511 1 -2
1512 1.5 -2
1513 2 -2
1514 2.5 -2
1515 3 -2
1516 3.5 -2
1517 4 -2
1518 4.5 -2
1519 5 -2
1520 5.5 -2
1521 6 -2
1522 6.5 -2
1523 7 -2
1524 7.5 -2
1525 8 -2
1526 8.5 -2
1527 9 -2
1528 9.5 -2
1529 10 -2
1530 10.5 -2
1531 11 -2
1532 11.5 -2
1533 12 -2
1534 12.5 -2
1535 13 -2
1536 13.5 -2
1537 14 -2
1538 -0.5 -2
1539 -1 -2
1540 -1.5 -2
1541 -2 -2
1542 -2.5 -2
1543 -3 -2
1544 -3.5 -2
1545 -4 -2
1546 -4.5 -2
1547 -5 -2
1548 -5.5 -2
1549 -6 -2
1550 -6.5 -2
1551 -7 -2
1552 -7.5 -2
1553 -8 -2
1554 -8.5 -2
1555 -9 -2
1556 -9.5 -2
1557 -10 -2
1558 -10.5 -2
1559 -11 -2
1560 -11.5 -2
1561 -12 -2
1562 -12.5 -2
1563 -13 -2
1564 -13.5 -2
1565 -14 -2
1566 0 -2.5
1567 0.5 -2.5
1568 1 -2.5
1569 1.5 -2.5
1570 2 -2.5
1571 2.5 -2.5
1572 3 -2.5
1573 3.5 -2.5
1574 4 -2.5
1575 4.5 -2.5
1576 5 -2.5
1577 5.5 -2.5
1578 6 -2.5
1579 6.5 -2.5
1580 7 -2.5
1581 7.5 -2.5
1582 8 -2.5
1583 8.5 -2.5
1584 9 -2.5
1585 9.5 -2.5
1586 10 -2.5
1587 10.5 -2.5
1588 11 -2.5
1589 11.5 -2.5
1590 12 -2.5
1591 12.5 -2.5
1592 13 -2.5
1593 13.5 -2.5
1594 14 -2.5
1595 -0.5 -2.5
1596 -1 -2.5
1597 -1.5 -2.5
1598 -2 -2.5
1599 -2.5 -2.5
1600 -3 -2.5
1601 -3.5 -2.5
1602 -4 -2.5
1603 -4.5 -2.5
1604 -5 -2.5
1605 -5.5 -2.5
1606 -6 -2.5
1607 -6.5 -2.5
1608 -7 -2.5
1609 -7.5 -2.5
1610 -8 -2.5
1611 -8.5 -2.5
1612 -9 -2.5
1613 -9.5 -2.5
1614 -10 -2.5
1615 -10.5 -2.5
1616 -11 -2.5
1617 -11.5 -2.5
1618 -12 -2.5
1619 -12.5 -2.5
1620 -13 -2.5
1621 -13.5 -2.5
1622 -14 -2.5
1623 0 -3
1624 0.5 -3
1625 1 -3
1626 1.5 -3
1627 2 -3
1628 2.5 -3
1629 3 -3
1630 3.5 -3
1631 4 -3
1632 4.5 -3
1633 5 -3
1634 5.5 -3
1635 6 -3
1636 6.5 -3
1637 7 -3
1638 7.5 -3
1639 8 -3
1640 8.5 -3
1641 9 -3
1642 9.5 -3
1643 10 -3
1644 10.5 -3
1645 11 -3
1646 11.5 -3
1647 12 -3
1648 12.5 -3
1649 13 -3
1650 13.5 -3
1651 14 -3
1652 -0.5 -3
1653 -1 -3
1654 -1.5 -3
1655 -2 -3
1656 -2.5 -3
1657 -3 -3
1658 -3.5 -3
1659 -4 -3
1660 -4.5 -3
1661 -5 -3
1662 -5.5 -3
1663 -6 -3
1664 -6.5 -3
1665 -7 -3
1666 -7.5 -3
1667 -8 -3
1668 -8.5 -3
1669 -9 -3
1670 -9.5 -3
1671 -10 -3
1672 -10.5 -3
1673 -11 -3
1674 -11.5 -3
1675 -12 -3
1676 -12.5 -3
1677 -13 -3
1678 -13.5 -3
1679 -14 -3
1680 0 -3.5
1681 0.5 -3.5
1682 1 -3.5
1683 1.5 -3.5
1684 2 -3.5
1685 2.5 -3.5
1686 3 -3.5
1687 3.5 -3.5
1688 4 -3.5
1689 4.5 -3.5
1690 5 -3.5
1691 5.5 -3.5
1692 6 -3.5
1693 6.5 -3.5
1694 7 -3.5
1695 7.5 -3.5
1696 8 -3.5
1697 8.5 -3.5
1698 9 -3.5
1699 9.5 -3.5
1700 10 -3.5
1701 10.5 -3.5
1702 11 -3.5
1703 11.5 -3.5
1704 12 -3.5
1705 12.5 -3.5
1706 13 -3.5
1707 13.5 -3.5
1708 14 -3.5
1709 -0.5 -3.5
1710 -1 -3.5
1711 -1.5 -3.5
1712 -2 -3.5
1713 -2.5 -3.5
1714 -3 -3.5
1715 -3.5 -3.5
1716 -4 -3.5
1717 -4.5 -3.5
1718 -5 -3.5
1719 -5.5 -3.5
1720 -6 -3.5
1721 -6.5 -3.5
1722 -7 -3.5
1723 -7.5 -3.5
1724 -8 -3.5
1725 -8.5 -3.5
1726 -9 -3.5
1727 -9.5 -3.5
1728 -10 -3.5
1729 -10.5 -3.5
1730 -11 -3.5
1731 -11.5 -3.5
1732 -12 -3.5
1733 -12.5 -3.5
1734 -13 -3.5
1735 -13.5 -3.5
1736 -14 -3.5
1737 0 -4
1738 0.5 -4
1739 1 -4
1740 1.5 -4
1741 2 -4
1742 2.5 -4
1743 3 -4
1744 3.5 -4
1745 4 -4
1746 4.5 -4
1747 5 -4
1748 5.5 -4
1749 6 -4
1750 6.5 -4
1751 7 -4
1752 7.5 -4
1753 8 -4
1754 8.5 -4
1755 9 -4
1756 9.5 -4
1757 10 -4
1758 10.5 -4
1759 11 -4
1760 11.5 -4
1761 12 -4
1762 12.5 -4
1763 13 -4
1764 13.5 -4
1765 -0.5 -4
1766 -1 -4
1767 -1.5 -4
1768 -2 -4
1769 -2.5 -4
1770 -3 -4
1771 -3.5 -4
1772 -4 -4
1773 -4.5 -4
1774 -5 -4
1775 -5.5 -4
1776 -6 -4
1777 -6.5 -4
1778 -7 -4
1779 -7.5 -4
1780 -8 -4
1781 -8.5 -4
1782 -9 -4
1783 -9.5 -4
1784 -10 -4
1785 -10.5 -4
1786 -11 -4
1787 -11.5 -4
1788 -12 -4
1789 -12.5 -4
1790 -13 -4
1791 -13.5 -4
1792 0 -4.5
1793 0.5 -4.5
1794 1 -4.5
1795 1.5 -4.5
1796 2 -4.5
1797 2.5 -4.5
1798 3 -4.5
1799 3.5 -4.5
1800 4 -4.5
1801 4.5 -4.5
1802 5 -4.5
1803 5.5 -4.5
1804 6 -4.5
1805 6.5 -4.5
1806 7 -4.5
1807 7.5 -4.5
1808 8 -4.5
1809 8.5 -4.5
1810 9 -4.5
1811 9.5 -4.5
1812 10 -4.5
1813 10.5 -4.5
1814 11 -4.5
1815 11.5 -4.5
1816 12 -4.5
1817 12.5 -4.5
1818 13 -4.5
1819 13.5 -4.5
1820 -0.5 -4.5
1821 -1 -4.5
1822 -1.5 -4.5
1823 -2 -4.5
1824 -2.5 -4.5
1825 -3 -4.5
1826 -3.5 -4.5
1827 -4 -4.5
1828 -4.5 -4.5
1829 -5 -4.5
1830 -5.5 -4.5
1831 -6 -4.5
1832 -6.5 -4.5
1833 -7 -4.5
1834 -7.5 -4.5
1835 -8 -4.5
1836 -8.5 -4.5
1837 -9 -4.5
1838 -9.5 -4.5
1839 -10 -4.5
1840 -10.5 -4.5
1841 -11 -4.5
1842 -11.5 -4.5
1843 -12 -4.5
1844 -12.5 -4.5
1845 -13 -4.5
1846 -13.5 -4.5
1847 0 -5
1848 0.5 -5
1849 1 -5
1850 1.5 -5
1851 2 -5
1852 2.5 -5
1853 3 -5
1854 3.5 -5
1855 4 -5
1856 4.5 -5
1857 5 -5
1858 5.5 -5
1859 6 -5
1860 6.5 -5
1861 7 -5
1862 7.5 -5
1863 8 -5
1864 8.5 -5
1865 9 -5
1866 9.5 -5
1867 10 -5
1868 10.5 -5
1869 11 -5
1870 11.5 -5
1871 12 -5
1872 12.5 -5
1873 13 -5
1874 13.5 -5
1875 -0.5 -5
1876 -1 -5
1877 -1.5 -5
1878 -2 -5
1879 -2.5 -5
1880 -3 -5
1881 -3.5 -5
1882 -4 -5
1883 -4.5 -5
1884 -5 -5
1885 -5.5 -5
1886 -6 -5
1887 -6.5 -5
1888 -7 -5
1889 -7.5 -5
1890 -8 -5
1891 -8.5 -5
1892 -9 -5
1893 -9.5 -5
1894 -10 -5
1895 -10.5 -5
1896 -11 -5
1897 -11.5 -5
1898 -12 -5
1899 -12.5 -5
1900 -13 -5
1901 -13.5 -5
1902 0 -5.5
1903 0.5 -5.5
1904 1 -5.5
1905 1.5 -5.5
1906 2 -5.5
1907 2.5 -5.5
1908 3 -5.5
1909 3.5 -5.5
1910 4 -5.5
1911 4.5 -5.5
1912 5 -5.5
1913 5.5 -5.5
1914 6 -5.5
1915 6.5 -5.5
1916 7 -5.5
1917 7.5 -5.5
1918 8 -5.5
1919 8.5 -5.5
1920 9 -5.5
1921 9.5 -5.5
1922 10 -5.5
1923 10.5 -5.5
1924 11 -5.5
1925 11.5 -5.5
1926 12 -5.5
1927 12.5 -5.5
1928 13 -5.5
1929 -0.5 -5.5
1930 -1 -5.5
1931 -1.5 -5.5
1932 -2 -5.5
1933 -2.5 -5.5
1934 -3 -5.5
1935 -3.5 -5.5
1936 -4 -5.5
1937 -4.5 -5.5
1938 -5 -5.5
1939 -5.5 -5.5
1940 -6 -5.5
1941 -6.5 -5.5
1942 -7 -5.5
1943 -7.5 -5.5
1944 -8 -5.5
1945 -8.5 -5.5
1946 -9 -5.5
1947 -9.5 -5.5
1948 -10 -5.5
1949 -10.5 -5.5
1950 -11 -5.5
1951 -11.5 -5.5
1952 -12 -5.5
1953 -12.5 -5.5
1954 -13 -5.5
1955 0 -6
1956 0.5 -6
1957 1 -6
1958 1.5 -6
1959 2 -6
1960 2.5 -6
1961 3 -6
1962 3.5 -6
1963 4 -6
1964 4.5 -6
1965 5 -6
1966 5.5 -6
1967 6 -6
1968 6.5 -6
1969 7 -6
1970 7.5 -6
1971 8 -6
1972 8.5 -6
1973 9 -6
1974 9.5 -6
1975 10 -6
1976 10.5 -6
1977 11 -6
1978 11.5 -6
1979 12 -6
1980 12.5 -6
1981 13 -6
1982 -0.5 -6
1983 -1 -6
1984 -1.5 -6
1985 -2 -6
1986 -2.5 -6
1987 -3 -6
1988 -3.5 -6
1989 -4 -6
1990 -4.5 -6
1991 -5 -6
1992 -5.5 -6
1993 -6 -6
1994 -6.5 -6
1995 -7 -6
1996 -7.5 -6
1997 -8 -6
1998 -8.5 -6
1999 -9 -6
2000 -9.5 -6
2001 -10 -6
2002 -10.5 -6
2003 -11 -6
2004 -11.5 -6
2005 -12 -6
2006 -12.5 -6
2007 -13 -6
2008 0 -6.5
2009 0.5 -6.5
2010 1 -6.5
2011 1.5 -6.5
2012 2 -6.5
2013 2.5 -6.5
2014 3 -6.5
2015 3.5 -6.5
2016 4 -6.5
2017 4.5 -6.5
2018 5 -6.5
2019 5.5 -6.5
2020 6 -6.5
2021 6.5 -6.5
2022 7 -6.5
2023 7.5 -6.5
2024 8 -6.5
2025 8.5 -6.5
2026 9 -6.5
2027 9.5 -6.5
2028 10 -6.5
2029 10.5 -6.5
2030 11 -6.5
2031 11.5 -6.5
2032 12 -6.5
2033 12.5 -6.5
2034 -0.5 -6.5
2035 -1 -6.5
2036 -1.5 -6.5
2037 -2 -6.5
2038 -2.5 -6.5
2039 -3 -6.5
2040 -3.5 -6.5
2041 -4 -6.5
2042 -4.5 -6.5
2043 -5 -6.5
2044 -5.5 -6.5
2045 -6 -6.5
2046 -6.5 -6.5
2047 -7 -6.5
2048 -7.5 -6.5
2049 -8 -6.5
2050 -8.5 -6.5
2051 -9 -6.5
2052 -9.5 -6.5
2053 -10 -6.5
2054 -10.5 -6.5
2055 -11 -6.5
2056 -11.5 -6.5
2057 -12 -6.5
2058 -12.5 -6.5
2059 0 -7
2060 0.5 -7
2061 1 -7
2062 1.5 -7
2063 2 -7
2064 2.5 -7
2065 3 -7
2066 3.5 -7
2067 4 -7
2068 4.5 -7
2069 5 -7
2070 5.5 -7
2071 6 -7
2072 6.5 -7
2073 7 -7
2074 7.5 -7
2075 8 -7
2076 8.5 -7
2077 9 -7
2078 9.5 -7
2079 10 -7
2080 10.5 -7
2081 11 -7
2082 11.5 -7
2083 12 -7
2084 12.5 -7
2085 -0.5 -7
2086 -1 -7
2087 -1.5 -7
2088 -2 -7
2089 -2.5 -7
2090 -3 -7
2091 -3.5 -7
2092 -4 -7
2093 -4.5 -7
2094 -5 -7
2095 -5.5 -7
2096 -6 -7
2097 -6.5 -7
2098 -7 -7
2099 -7.5 -7
2100 -8 -7
2101 -8.5 -7
2102 -9 -7
2103 -9.5 -7
2104 -10 -7
2105 -10.5 -7
2106 -11 -7
2107 -11.5 -7
2108 -12 -7
2109 -12.5 -7
2110 0 -7.5
2111 0.5 -7.5
2112 1 -7.5
2113 1.5 -7.5
2114 2 -7.5
2115 2.5 -7.5
2116 3 -7.5
2117 3.5 -7.5
2118 4 -7.5
2119 4.5 -7.5
2120 5 -7.5
2121 5.5 -7.5
2122 6 -7.5
2123 6.5 -7.5
2124 7 -7.5
2125 7.5 -7.5
2126 8 -7.5
2127 8.5 -7.5
2128 9 -7.5
2129 9.5 -7.5
2130 10 -7.5
2131 10.5 -7.5
2132 11 -7.5
2133 11.5 -7.5
2134 12 -7.5
2135 -0.5 -7.5
2136 -1 -7.5
2137 -1.5 -7.5
2138 -2 -7.5
2139 -2.5 -7.5
2140 -3 -7.5
2141 -3.5 -7.5
2142 -4 -7.5
2143 -4.5 -7.5
2144 -5 -7.5
2145 -5.5 -7.5
2146 -6 -7.5
2147 -6.5 -7.5
2148 -7 -7.5
2149 -7.5 -7.5
2150 -8 -7.5
2151 -8.5 -7.5
2152 -9 -7.5
2153 -9.5 -7.5
2154 -10 -7.5
2155 -10.5 -7.5
2156 -11 -7.5
2157 -11.5 -7.5
2158 -12 -7.5
2159 0 -8
2160 0.5 -8
2161 1 -8
2162 1.5 -8
2163 2 -8
2164 2.5 -8
2165 3 -8
2166 3.5 -8
2167 4 -8
2168 4.5 -8
2169 5 -8
2170 5.5 -8
2171 6 -8
2172 6.5 -8
2173 7 -8
2174 7.5 -8
2175 8 -8
2176 8.5 -8
2177 9 -8
2178 9.5 -8
2179 10 -8
2180 10.5 -8
2181 11 -8
2182 11.5 -8
2183 12 -8
2184 -0.5 -8
2185 -1 -8
2186 -1.5 -8
2187 -2 -8
2188 -2.5 -8
2189 -3 -8
2190 -3.5 -8
2191 -4 -8
2192 -4.5 -8
2193 -5 -8
2194 -5.5 -8
2195 -6 -8
2196 -6.5 -8
2197 -7 -8
2198 -7.5 -8
2199 -8 -8
2200 -8.5 -8
2201 -9 -8
2202 -9.5 -8
2203 -10 -8
2204 -10.5 -8
2205 -11 -8
2206 -11.5 -8
2207 -12 -8
2208 0 -8.5
2209 0.5 -8.5
2210 1 -8.5
2211 1.5 -8.5
2212 2 -8.5
2213 2.5 -8.5
2214 3 -8.5
2215 3.5 -8.5
2216 4 -8.5
2217 4.5 -8.5
2218 5 -8.5
2219 5.5 -8.5
2220 6 -8.5
2221 6.5 -8.5
2222 7 -8.5
2223 7.5 -8.5
2224 8 -8.5
2225 8.5 -8.5
2226 9 -8.5
2227 9.5 -8.5
2228 10 -8.5
2229 10.5 -8.5
2230 11 -8.5
2231 11.5 -8.5
2232 -0.5 -8.5
2233 -1 -8.5
2234 -1.5 -8.5
2235 -2 -8.5
2236 -2.5 -8.5
2237 -3 -8.5
2238 -3.5 -8.5
2239 -4 -8.5
2240 -4.5 -8.5
2241 -5 -8.5
2242 -5.5 -8.5
2243 -6 -8.5
2244 -6.5 -8.5
2245 -7 -8.5
2246 -7.5 -8.5
2247 -8 -8.5
2248 -8.5 -8.5
2249 -9 -8.5
2250 -9.5 -8.5
2251 -10 -8.5
2252 -10.5 -8.5
2253 -11 -8.5
2254 -11.5 -8.5
2255 0 -9
2256 0.5 -9
2257 1 -9
2258 1.5 -9
2259 2 -9
2260 2.5 -9
2261 3 -9
2262 3.5 -9
2263 4 -9
2264 4.5 -9
2265 5 -9
2266 5.5 -9
2267 6 -9
2268 6.5 -9
2269 7 -9
2270 7.5 -9
2271 8 -9
2272 8.5 -9
2273 9 -9
2274 9.5 -9
2275 10 -9
2276 10.5 -9
2277 11 -9
2278 -0.5 -9
2279 -1 -9
2280 -1.5 -9
2281 -2 -9
2282 -2.5 -9
2283 -3 -9
2284 -3.5 -9
2285 -4 -9
2286 -4.5 -9
2287 -5 -9
2288 -5.5 -9
2289 -6 -9
2290 -6.5 -9
2291 -7 -9
2292 -7.5 -9
2293 -8 -9
2294 -8.5 -9
2295 -9 -9
2296 -9.5 -9
2297 -10 -9
2298 -10.5 -9
2299 -11 -9
2300 0 -9.5
2301 0.5 -9.5
2302 1 -9.5
2303 1.5 -9.5
2304 2 -9.5
2305 2.5 -9.5
2306 3 -9.5
2307 3.5 -9.5
2308 4 -9.5
2309 4.5 -9.5
2310 5 -9.5
2311 5.5 -9.5
2312 6 -9.5
2313 6.5 -9.5
2314 7 -9.5
2315 7.5 -9.5
2316 8 -9.5
2317 8.5 -9.5
2318 9 -9.5
2319 9.5 -9.5
2320 10 -9.5
2321 10.5 -9.5
2322 -0.5 -9.5
2323 -1 -9.5
2324 -1.5 -9.5
2325 -2 -9.5
2326 -2.5 -9.5
2327 -3 -9.5
2328 -3.5 -9.5
2329 -4 -9.5
2330 -4.5 -9.5
2331 -5 -9.5
2332 -5.5 -9.5
2333 -6 -9.5
2334 -6.5 -9.5
2335 -7 -9.5
2336 -7.5 -9.5
2337 -8 -9.5
2338 -8.5 -9.5
2339 -9 -9.5
2340 -9.5 -9.5
2341 -10 -9.5
2342 -10.5 -9.5
2343 0 -10
2344 0.5 -10
2345 1 -10
2346 1.5 -10
2347 2 -10
2348 2.5 -10
2349 3 -10
2350 3.5 -10
2351 4 -10
2352 4.5 -10
2353 5 -10
2354 5.5 -10
2355 6 -10
2356 6.5 -10
2357 7 -10
2358 7.5 -10
2359 8 -10
2360 8.5 -10
2361 9 -10
2362 9.5 -10
2363 10 -10
2364 -0.5 -10
2365 -1 -10
2366 -1.5 -10
2367 -2 -10
2368 -2.5 -10
2369 -3 -10
2370 -3.5 -10
2371 -4 -10
2372 -4.5 -10
2373 -5 -10
2374 -5.5 -10
2375 -6 -10
2376 -6.5 -10
2377 -7 -10
2378 -7.5 -10
2379 -8 -10
2380 -8.5 -10
2381 -9 -10
2382 -9.5 -10
2383 -10 -10
2384 0 -10.5
2385 0.5 -10.5
2386 1 -10.5
2387 1.5 -10.5
2388 2 -10.5
2389 2.5 -10.5
2390 3 -10.5
2391 3.5 -10.5
2392 4 -10.5
2393 4.5 -10.5
2394 5 -10.5
2395 5.5 -10.5
2396 6 -10.5
2397 6.5 -10.5
2398 7 -10.5
2399 7.5 -10.5
2400 8 -10.5
2401 8.5 -10.5
2402 9 -10.5
2403 9.5 -10.5
2404 -0.5 -10.5
2405 -1 -10.5
2406 -1.5 -10.5
2407 -2 -10.5
2408 -2.5 -10.5
2409 -3 -10.5
2410 -3.5 -10.5
2411 -4 -10.5
2412 -4.5 -10.5
2413 -5 -10.5
2414 -5.5 -10.5
2415 -6 -10.5
2416 -6.5 -10.5
2417 -7 -10.5
2418 -7.5 -10.5
2419 -8 -10.5
2420 -8.5 -10.5
2421 -9 -10.5
2422 -9.5 -10.5
2423 0 -11
2424 0.5 -11
2425 1 -11
2426 1.5 -11
2427 2 -11
2428 2.5 -11
2429 3 -11
2430 3.5 -11
2431 4 -11
2432 4.5 -11
2433 5 -11
2434 5.5 -11
2435 6 -11
2436 6.5 -11
2437 7 -11
2438 7.5 -11
2439 8 -11
2440 8.5 -11
2441 9 -11
2442 -0.5 -11
2443 -1 -11
2444 -1.5 -11
2445 -2 -11
2446 -2.5 -11
2447 -3 -11
2448 -3.5 -11
2449 -4 -11
2450 -4.5 -11
2451 -5 -11
2452 -5.5 -11
2453 -6 -11
2454 -6.5 -11
2455 -7 -11
2456 -7.5 -11
2457 -8 -11
2458 -8.5 -11
2459 -9 -11
2460 0 -11.5
2461 0.5 -11.5
2462 1 -11.5
2463 1.5 -11.5
2464 2 -11.5
2465 2.5 -11.5
2466 3 -11.5
2467 3.5 -11.5
2468 4 -11.5
2469 4.5 -11.5
2470 5 -11.5
2471 5.5 -11.5
2472 6 -11.5
2473 6.5 -11.5
2474 7 -11.5
2475 7.5 -11.5
2476 8 -11.5
2477 8.5 -11.5
2478 -0.5 -11.5
2479 -1 -11.5
2480 -1.5 -11.5
2481 -2 -11.5
2482 -2.5 -11.5
2483 -3 -11.5
2484 -3.5 -11.5
2485 -4 -11.5
2486 -4.5 -11.5
2487 -5 -11.5
2488 -5.5 -11.5
2489 -6 -11.5
2490 -6.5 -11.5
2491 -7 -11.5
2492 -7.5 -11.5
2493 -8 -11.5
2494 -8.5 -11.5
2495 0 -12
2496 0.5 -12
2497 1 -12
2498 1.5 -12
2499 2 -12
2500 2.5 -12
2501 3 -12
2502 3.5 -12
2503 4 -12
2504 4.5 -12
2505 5 -12
2506 5.5 -12
2507 6 -12
2508 6.5 -12
2509 7 -12
2510 7.5 -12
2511 8 -12
2512 -0.5 -12
2513 -1 -12
2514 -1.5 -12
2515 -2 -12
2516 -2.5 -12
2517 -3 -12
2518 -3.5 -12
2519 -4 -12
2520 -4.5 -12
2521 -5 -12
2522 -5.5 -12
2523 -6 -12
2524 -6.5 -12
2525 -7 -12
2526 -7.5 -12
2527 -8 -12
2528 0 -12.5
2529 0.5 -12.5
2530 1 -12.5
2531 1.5 -12.5
2532 2 -12.5
2533 2.5 -12.5
2534 3 -12.5
2535 3.5 -12.5
2536 4 -12.5
2537 4.5 -12.5
2538 5 -12.5
2539 5.5 -12.5
2540 6 -12.5
2541 6.5 -12.5
2542 7 -12.5
2543 -0.5 -12.5
2544 -1 -12.5
2545 -1.5 -12.5
2546 -2 -12.5
2547 -2.5 -12.5
2548 -3 -12.5
2549 -3.5 -12.5
2550 -4 -12.5
2551 -4.5 -12.5
2552 -5 -12.5
2553 -5.5 -12.5
2554 -6 -12.5
2555 -6.5 -12.5
2556 -7 -12.5
2557 0 -13
2558 0.5 -13
2559 1 -13
2560 1.5 -13
2561 2 -13
2562 2.5 -13
2563 3 -13
2564 3.5 -13
2565 4 -13
2566 4.5 -13
2567 5 -13
2568 5.5 -13
2569 6 -13
2570 -0.5 -13
2571 -1 -13
2572 -1.5 -13
2573 -2 -13
2574 -2.5 -13
2575 -3 -13
2576 -3.5 -13
2577 -4 -13
2578 -4.5 -13
2579 -5 -13
2580 -5.5 -13
2581 -6 -13
2582 0 -13.5
2583 0.5 -13.5
2584 1 -13.5
2585 1.5 -13.5
2586 2 -13.5
2587 2.5 -13.5
2588 3 -13.5
2589 3.5 -13.5
2590 4 -13.5
2591 4.5 -13.5
2592 5 -13.5
2593 -0.5 -13.5
2594 -1 -13.5
2595 -1.5 -13.5
2596 -2 -13.5
2597 -2.5 -13.5
2598 -3 -13.5
2599 -3.5 -13.5
2600 -4 -13.5
2601 -4.5 -13.5
2602 -5 -13.5
2603 0 -14
2604 0.5 -14
2605 1 -14
2606 1.5 -14
2607 2 -14
2608 2.5 -14
2609 3 -14
2610 3.5 -14
2611 -0.5 -14
2612 -1 -14
2613 -1.5 -14
2614 -2 -14
2615 -2.5 -14
2616 -3 -14
2617 -3.5 -14
