pixelID x y
1 0 0
2 0.4 0
3 0.8 0
4 1.2 0
5 1.6 0
6 2.0 0
7 2.4 0
8 2.8 0
9 3.2 0
10 3.6 0
11 4.0 0
12 4.4 0
13 4.8 0
14 5.2 0
15 5.6 0
16 6.0 0
17 6.4 0
18 6.8 0
19 7.2 0
20 7.6 0
21 8.0 0
22 8.4 0
23 8.8 0
24 9.2 0
25 9.6 0
26 10.0 0
27 10.4 0
28 10.8 0
29 11.2 0
30 11.6 0
31 12.0 0
32 12.4 0
33 12.8 0
34 13.2 0
35 13.6 0
36 14.0 0
37 14.4 0
38 -0.4 0
39 -0.8 0
40 -1.2 0
41 -1.6 0
42 -2.0 0
43 -2.4 0
44 -2.8 0
45 -3.2 0
46 -3.6 0
47 -4.0 0
48 -4.4 0
49 -4.8 0
50 -5.2 0
51 -5.6 0
52 -6.0 0
53 -6.4 0
54 -6.8 0
55 -7.2 0
56 -7.6 0
57 -8.0 0
58 -8.4 0
59 -8.8 0
60 -9.2 0
61 -9.6 0
62 -10.0 0
63 -10.4 0
64 -10.8 0
65 -11.2 0
66 -11.6 0
67 -12.0 0
68 -12.4 0
69 -12.8 0
70 -13.2 0
71 -13.6 0
72 -14.0 0
73 -14.4 0
74 0 0.4
75 0.4 0.4
76 0.8 0.4
77 1.2 0.4
78 1.6 0.4
79 2.0 0.4
80 2.4 0.4
81 2.8 0.4
82 3.2 0.4
83 3.6 0.4
84 4.0 0.4
85 4.4 0.4
86 4.8 0.4
87 5.2 0.4
88 5.6 0.4
89 6.0 0.4
90 6.4 0.4
91 6.8 0.4
92 7.2 0.4
93 7.6 0.4
94 8.0 0.4
95 8.4 0.4
96 8.8 0.4
97 9.2 0.4
98 9.6 0.4
99 10.0 0.4
100 10.4 0.4
101 10.8 0.4
102 11.2 0.4
103 11.6 0.4
104 12.0 0.4
105 12.4 0.4
106 12.8 0.4
107 13.2 0.4
108 13.6 0.4
109 14.0 0.4
110 14.4 0.4
111 -0.4 0.4
112 -0.8 0.4
113 -1.2 0.4
114 -1.6 0.4
115 -2.0 0.4
116 -2.4 0.4
117 -2.8 0.4
118 -3.2 0.4
119 -3.6 0.4
120 -4.0 0.4
121 -4.4 0.4
122 -4.8 0.4
123 -5.2 0.4
124 -5.6 0.4
125 -6.0 0.4
126 -6.4 0.4
127 -6.8 0.4
128 -7.2 0.4
129 -7.6 0.4
130 -8.0 0.4
131 -8.4 0.4
132 -8.8 0.4
133 -9.2 0.4
134 -9.6 0.4
135 -10.0 0.4
136 -10.4 0.4
137 -10.8 0.4
138 -11.2 0.4
139 -11.6 0.4
140 -12.0 0.4
141 -12.4 0.4
142 -12.8 0.4
143 -13.2 0.4
144 -13.6 0.4
145 -14.0 0.4
146 -14.4 0.4
147 0 0.8
148 0.4 0.8
149 0.8 0.8
150 1.2 0.8
151 1.6 0.8
152 2.0 0.8
153 2.4 0.8
154 2.8 0.8
155 3.2 0.8
156 3.6 0.8
157 4.0 0.8
158 4.4 0.8
159 4.8 0.8
160 5.2 0.8
161 5.6 0.8
162 6.0 0.8
163 6.4 0.8
164 6.8 0.8
165 7.2 0.8
166 7.6 0.8
167 8.0 0.8
168 8.4 0.8
169 8.8 0.8
170 9.2 0.8
171 9.6 0.8
172 10.0 0.8
173 10.4 0.8
174 10.8 0.8
175 11.2 0.8
176 11.6 0.8
177 12.0 0.8
178 12.4 0.8
179 12.8 0.8
180 13.2 0.8
181 13.6 0.8
182 14.0 0.8
183 14.4 0.8
184 -0.4 0.8
185 -0.8 0.8
186 -1.2 0.8
187 -1.6 0.8
188 -2.0 0.8
189 -2.4 0.8
190 -2.8 0.8
191 -3.2 0.8
192 -3.6 0.8
193 -4.0 0.8
194 -4.4 0.8
195 -4.8 0.8
196 -5.2 0.8
197 -5.6 0.8
198 -6.0 0.8
199 -6.4 0.8
200 -6.8 0.8
201 -7.2 0.8
202 -7.6 0.8
203 -8.0 0.8
204 -8.4 0.8
205 -8.8 0.8
206 -9.2 0.8
207 -9.6 0.8
208 -10.0 0.8
209 -10.4 0.8
210 -10.8 0.8
211 -11.2 0.8
212 -11.6 0.8
213 -12.0 0.8
214 -12.4 0.8
215 -12.8 0.8
216 -13.2 0.8
217 -13.6 0.8
218 -14.0 0.8
219 -14.4 0.8
220 0 1.2
221 0.4 1.2
222 0.8 1.2
223 1.2 1.2
224 1.6 1.2
225 2.0 1.2
226 2.4 1.2
227 2.8 1.2
228 3.2 1.2
229 3.6 1.2
230 4.0 1.2
231 4.4 1.2
232 4.8 1.2
233 5.2 1.2
234 5.6 1.2
235 6.0 1.2
236 6.4 1.2
237 6.8 1.2
238 7.2 1.2
239 7.6 1.2
240 8.0 1.2
241 8.4 1.2
242 8.8 1.2
243 9.2 1.2
244 9.6 1.2
245 10.0 1.2
246 10.4 1.2
247 10.8 1.2
248 11.2 1.2
249 11.6 1.2
250 12.0 1.2
251 12.4 1.2
252 12.8 1.2
253 13.2 1.2
254 13.6 1.2
255 14.0 1.2
256 14.4 1.2
257 -0.4 1.2
258 -0.8 1.2
259 -1.2 1.2
260 -1.6 1.2
261 -2.0 1.2
262 -2.4 1.2
263 -2.8 1.2
264 -3.2 1.2
265 -3.6 1.2
266 -4.0 1.2
267 -4.4 1.2
268 -4.8 1.2
269 -5.2 1.2
270 -5.6 1.2
271 -6.0 1.2
272 -6.4 1.2
273 -6.8 1.2
274 -7.2 1.2
275 -7.6 1.2
276 -8.0 1.2
277 -8.4 1.2
278 -8.8 1.2
279 -9.2 1.2
280 -9.6 1.2
281 -10.0 1.2
282 -10.4 1.2
283 -10.8 1.2
284 -11.2 1.2
285 -11.6 1.2
286 -12.0 1.2
287 -12.4 1.2
288 -12.8 1.2
289 -13.2 1.2
290 -13.6 1.2
291 -14.0 1.2
292 -14.4 1.2
293 0 1.6
294 0.4 1.6
295 0.8 1.6
296 1.2 1.6
297 1.6 1.6
298 2.0 1.6
299 2.4 1.6
300 2.8 1.6
301 3.2 1.6
302 3.6 1.6
303 4.0 1.6
304 4.4 1.6
305 4.8 1.6
306 5.2 1.6
307 5.6 1.6
308 6.0 1.6
309 6.4 1.6
310 6.8 1.6
311 7.2 1.6
312 7.6 1.6
313 8.0 1.6
314 8.4 1.6
315 8.8 1.6
316 9.2 1.6
317 9.6 1.6
318 10.0 1.6
319 10.4 1.6
320 10.8 1.6
321 11.2 1.6
322 11.6 1.6
323 12.0 1.6
324 12.4 1.6
325 12.8 1.6
326 13.2 1.6
327 13.6 1.6
328 14.0 1.6
329 14.4 1.6
330 -0.4 1.6
331 -0.8 1.6
332 -1.2 1.6
333 -1.6 1.6
334 -2.0 1.6
335 -2.4 1.6
336 -2.8 1.6
337 -3.2 1.6
338 -3.6 1.6
339 -4.0 1.6
340 -4.4 1.6
341 -4.8 1.6
342 -5.2 1.6
343 -5.6 1.6
344 -6.0 1.6
345 -6.4 1.6
346 -6.8 1.6
347 -7.2 1.6
348 -7.6 1.6
349 -8.0 1.6
350 -8.4 1.6
351 -8.8 1.6
352 -9.2 1.6
353 -9.6 1.6
354 -10.0 1.6
355 -10.4 1.6
356 -10.8 1.6
357 -11.2 1.6
358 -11.6 1.6
359 -12.0 1.6
360 -12.4 1.6
361 -12.8 1.6
362 -13.2 1.6
363 -13.6 1.6
364 -14.0 1.6
365 -14.4 1.6
366 0 2.0
367 0.4 2.0
368 0.8 2.0
369 1.2 2.0
370 1.6 2.0
371 2.0 2.0
372 2.4 2.0
373 2.8 2.0
374 3.2 2.0
375 3.6 2.0
376 4.0 2.0
377 4.4 2.0
378 4.8 2.0
379 5.2 2.0
380 5.6 2.0
381 6.0 2.0
382 6.4 2.0
383 6.8 2.0
384 7.2 2.0
385 7.6 2.0
386 8.0 2.0
387 8.4 2.0
388 8.8 2.0
389 9.2 2.0
390 9.6 2.0
391 10.0 2.0
392 10.4 2.0
393 10.8 2.0
394 11.2 2.0
395 11.6 2.0
396 12.0 2.0
397 12.4 2.0
398 12.8 2.0
399 13.2 2.0
400 13.6 2.0
401 14.0 2.0
402 -0.4 2.0
403 -0.8 2.0
404 -1.2 2.0
405 -1.6 2.0
406 -2.0 2.0
407 -2.4 2.0
408 -2.8 2.0
409 -3.2 2.0
410 -3.6 2.0
411 -4.0 2.0
412 -4.4 2.0
413 -4.8 2.0
414 -5.2 2.0
415 -5.6 2.0
416 -6.0 2.0
417 -6.4 2.0
418 -6.8 2.0
419 -7.2 2.0
420 -7.6 2.0
421 -8.0 2.0
422 -8.4 2.0
423 -8.8 2.0
424 -9.2 2.0
425 -9.6 2.0
426 -10.0 2.0
427 -10.4 2.0
428 -10.8 2.0
429 -11.2 2.0
430 -11.6 2.0
431 -12.0 2.0
432 -12.4 2.0
433 -12.8 2.0
434 -13.2 2.0
435 -13.6 2.0
436 -14.0 2.0
437 0 2.4
438 0.4 2.4
439 0.8 2.4
440 1.2 2.4
441 1.6 2.4
442 2.0 2.4
443 2.4 2.4
444 2.8 2.4
445 3.2 2.4
446 3.6 2.4
447 4.0 2.4
448 4.4 2.4
449 4.8 2.4
450 5.2 2.4
451 5.6 2.4
452 6.0 2.4
453 6.4 2.4
454 6.8 2.4
455 7.2 2.4
456 7.6 2.4
457 8.0 2.4
458 8.4 2.4
459 8.8 2.4
460 9.2 2.4
461 9.6 2.4
462 10.0 2.4
463 10.4 2.4
464 10.8 2.4
465 11.2 2.4
466 11.6 2.4
467 12.0 2.4
468 12.4 2.4
469 12.8 2.4
470 13.2 2.4
471 13.6 2.4
472 14.0 2.4
473 -0.4 2.4
474 -0.8 2.4
475 -1.2 2.4
476 -1.6 2.4
477 -2.0 2.4
478 -2.4 2.4
479 -2.8 2.4
480 -3.2 2.4
481 -3.6 2.4
482 -4.0 2.4
483 -4.4 2.4
484 -4.8 2.4
485 -5.2 2.4
486 -5.6 2.4
487 -6.0 2.4
488 -6.4 2.4
489 -6.8 2.4
490 -7.2 2.4
491 -7.6 2.4
492 -8.0 2.4
493 -8.4 2.4
494 -8.8 2.4
495 -9.2 2.4
496 -9.6 2.4
497 -10.0 2.4
498 -10.4 2.4
499 -10.8 2.4
500 -11.2 2.4
501 -11.6 2.4
502 -12.0 2.4
503 -12.4 2.4
504 -12.8 2.4
505 -13.2 2.4
506 -13.6 2.4
507 -14.0 2.4
508 0 2.8
509 0.4 2.8
510 0.8 2.8
511 1.2 2.8
512 1.6 2.8
513 2.0 2.8
514 2.4 2.8
515 2.8 2.8
516 3.2 2.8
517 3.6 2.8
518 4.0 2.8
519 4.4 2.8
520 4.8 2.8
521 5.2 2.8
522 5.6 2.8
523 6.0 2.8
524 6.4 2.8
525 6.8 2.8
526 7.2 2.8
527 7.6 2.8
528 8.0 2.8
529 8.4 2.8
530 8.8 2.8
531 9.2 2.8
532 9.6 2.8
533 10.0 2.8
534 10.4 2.8
535 10.8 2.8
536 11.2 2.8
537 11.6 2.8
538 12.0 2.8
539 12.4 2.8
540 12.8 2.8
541 13.2 2.8
542 13.6 2.8
543 14.0 2.8
544 -0.4 2.8
545 -0.8 2.8
546 -1.2 2.8
547 -1.6 2.8
548 -2.0 2.8
549 -2.4 2.8
550 -2.8 2.8
551 -3.2 2.8
552 -3.6 2.8
553 -4.0 2.8
554 -4.4 2.8
555 -4.8 2.8
556 -5.2 2.8
557 -5.6 2.8
558 -6.0 2.8
559 -6.4 2.8
560 -6.8 2.8
561 -7.2 2.8
562 -7.6 2.8
563 -8.0 2.8
564 -8.4 2.8
565 -8.8 2.8
566 -9.2 2.8
567 -9.6 2.8
568 -10.0 2.8
569 -10.4 2.8
570 -10.8 2.8
571 -11.2 2.8
572 -11.6 2.8
573 -12.0 2.8
574 -12.4 2.8
575 -12.8 2.8
576 -13.2 2.8
577 -13.6 2.8
578 -14.0 2.8
579 0 3.2
580 0.4 3.2
581 0.8 3.2
582 1.2 3.2
583 1.6 3.2
584 2.0 3.2
585 2.4 3.2
586 2.8 3.2
587 3.2 3.2
588 3.6 3.2
589 4.0 3.2
590 4.4 3.2
591 4.8 3.2
592 5.2 3.2
593 5.6 3.2
594 6.0 3.2
595 6.4 3.2
596 6.8 3.2
597 7.2 3.2
598 7.6 3.2
599 8.0 3.2
600 8.4 3.2
601 8.8 3.2
602 9.2 3.2
603 9.6 3.2
604 10.0 3.2
605 10.4 3.2
606 10.8 3.2
607 11.2 3.2
608 11.6 3.2
609 12.0 3.2
610 12.4 3.2
611 12.8 3.2
612 13.2 3.2
613 13.6 3.2
614 14.0 3.2
615 -0.4 3.2
616 -0.8 3.2
617 -1.2 3.2
618 -1.6 3.2
619 -2.0 3.2
620 -2.4 3.2
621 -2.8 3.2
622 -3.2 3.2
623 -3.6 3.2
624 -4.0 3.2
625 -4.4 3.2
626 -4.8 3.2
627 -5.2 3.2
628 -5.6 3.2
629 -6.0 3.2
630 -6.4 3.2
631 -6.8 3.2
632 -7.2 3.2
633 -7.6 3.2
634 -8.0 3.2
635 -8.4 3.2
636 -8.8 3.2
637 -9.2 3.2
638 -9.6 3.2
639 -10.0 3.2
640 -10.4 3.2
641 -10.8 3.2
642 -11.2 3.2
643 -11.6 3.2
644 -12.0 3.2
645 -12.4 3.2
646 -12.8 3.2
647 -13.2 3.2
648 -13.6 3.2
649 -14.0 3.2
650 0 3.6
651 0.4 3.6
652 0.8 3.6
653 1.2 3.6
654 1.6 3.6
655 2.0 3.6
656 2.4 3.6
657 2.8 3.6
658 3.2 3.6
659 3.6 3.6
660 4.0 3.6
661 4.4 3.6
662 4.8 3.6
663 5.2 3.6
664 5.6 3.6
665 6.0 3.6
666 6.4 3.6
667 6.8 3.6
668 7.2 3.6
669 7.6 3.6
670 8.0 3.6
671 8.4 3.6
672 8.8 3.6
673 9.2 3.6
674 9.6 3.6
675 10.0 3.6
676 10.4 3.6
677 10.8 3.6
678 11.2 3.6
679 11.6 3.6
680 12.0 3.6
681 12.4 3.6
682 12.8 3.6
683 13.2 3.6
684 13.6 3.6
685 14.0 3.6
686 -0.4 3.6
687 -0.8 3.6
688 -1.2 3.6
689 -1.6 3.6
690 -2.0 3.6
691 -2.4 3.6
692 -2.8 3.6
693 -3.2 3.6
694 -3.6 3.6
695 -4.0 3.6
696 -4.4 3.6
697 -4.8 3.6
698 -5.2 3.6
699 -5.6 3.6
700 -6.0 3.6
701 -6.4 3.6
702 -6.8 3.6
703 -7.2 3.6
704 -7.6 3.6
705 -8.0 3.6
706 -8.4 3.6
707 -8.8 3.6
708 -9.2 3.6
709 -9.6 3.6
710 -10.0 3.6
711 -10.4 3.6
712 -10.8 3.6
713 -11.2 3.6
714 -11.6 3.6
715 -12.0 3.6
716 -12.4 3.6
717 -12.8 3.6
718 -13.2 3.6
719 -13.6 3.6
720 -14.0 3.6
721 0 4.0
722 0.4 4.0
723 0.8 4.0
724 1.2 4.0
725 1.6 4.0
726 2.0 4.0
727 2.4 4.0
728 2.8 4.0
729 3.2 4.0
730 3.6 4.0
731 4.0 4.0
732 4.4 4.0
733 4.8 4.0
734 5.2 4.0
735 5.6 4.0
736 6.0 4.0
737 6.4 4.0
738 6.8 4.0
739 7.2 4.0
740 7.6 4.0
741 8.0 4.0
742 8.4 4.0
743 8.8 4.0
744 9.2 4.0
745 9.6 4.0
746 10.0 4.0
747 10.4 4.0
748 10.8 4.0
749 11.2 4.0
750 11.6 4.0
751 12.0 4.0
752 12.4 4.0
753 12.8 4.0
754 13.2 4.0
755 13.6 4.0
756 -0.4 4.0
757 -0.8 4.0
758 -1.2 4.0
759 -1.6 4.0
760 -2.0 4.0
761 -2.4 4.0
762 -2.8 4.0
763 -3.2 4.0
764 -3.6 4.0
765 -4.0 4.0
766 -4.4 4.0
767 -4.8 4.0
768 -5.2 4.0
769 -5.6 4.0
770 -6.0 4.0
771 -6.4 4.0
772 -6.8 4.0
773 -7.2 4.0
774 -7.6 4.0
775 -8.0 4.0
776 -8.4 4.0
777 -8.8 4.0
778 -9.2 4.0
779 -9.6 4.0
780 -10.0 4.0
781 -10.4 4.0
782 -10.8 4.0
783 -11.2 4.0
784 -11.6 4.0
785 -12.0 4.0
786 -12.4 4.0
787 -12.8 4.0
788 -13.2 4.0
789 -13.6 4.0
790 0 4.4
791 0.4 4.4
792 0.8 4.4
793 1.2 4.4
794 1.6 4.4
795 2.0 4.4
796 2.4 4.4
797 2.8 4.4
798 3.2 4.4
799 3.6 4.4
800 4.0 4.4
801 4.4 4.4
802 4.8 4.4
803 5.2 4.4
804 5.6 4.4
805 6.0 4.4
806 6.4 4.4
807 6.8 4.4
808 7.2 4.4
809 7.6 4.4
810 8.0 4.4
811 8.4 4.4
812 8.8 4.4
813 9.2 4.4
814 9.6 4.4
815 10.0 4.4
816 10.4 4.4
817 10.8 4.4
818 11.2 4.4
819 11.6 4.4
820 12.0 4.4
821 12.4 4.4
822 12.8 4.4
823 13.2 4.4
824 13.6 4.4
825 -0.4 4.4
826 -0.8 4.4
827 -1.2 4.4
828 -1.6 4.4
829 -2.0 4.4
830 -2.4 4.4
831 -2.8 4.4
832 -3.2 4.4
833 -3.6 4.4
834 -4.0 4.4
835 -4.4 4.4
836 -4.8 4.4
837 -5.2 4.4
838 -5.6 4.4
839 -6.0 4.4
840 -6.4 4.4
841 -6.8 4.4
842 -7.2 4.4
843 -7.6 4.4
844 -8.0 4.4
845 -8.4 4.4
846 -8.8 4.4
847 -9.2 4.4
848 -9.6 4.4
849 -10.0 4.4
850 -10.4 4.4
851 -10.8 4.4
852 -11.2 4.4
853 -11.6 4.4
854 -12.0 4.4
855 -12.4 4.4
856 -12.8 4.4
857 -13.2 4.4
858 -13.6 4.4
859 0 4.8
860 0.4 4.8
861 0.8 4.8
862 1.2 4.8
863 1.6 4.8
864 2.0 4.8
865 2.4 4.8
866 2.8 4.8
867 3.2 4.8
868 3.6 4.8
869 4.0 4.8
870 4.4 4.8
871 4.8 4.8
872 5.2 4.8
873 5.6 4.8
874 6.0 4.8
875 6.4 4.8
876 6.8 4.8
877 7.2 4.8
878 7.6 4.8
879 8.0 4.8
880 8.4 4.8
881 8.8 4.8
882 9.2 4.8
883 9.6 4.8
884 10.0 4.8
885 10.4 4.8
886 10.8 4.8
887 11.2 4.8
888 11.6 4.8
889 12.0 4.8
890 12.4 4.8
891 12.8 4.8
892 13.2 4.8
893 13.6 4.8
894 -0.4 4.8
895 -0.8 4.8
896 -1.2 4.8
897 -1.6 4.8
898 -2.0 4.8
899 -2.4 4.8
900 -2.8 4.8
901 -3.2 4.8
902 -3.6 4.8
903 -4.0 4.8
904 -4.4 4.8
905 -4.8 4.8
906 -5.2 4.8
907 -5.6 4.8
908 -6.0 4.8
909 -6.4 4.8
910 -6.8 4.8
911 -7.2 4.8
912 -7.6 4.8
913 -8.0 4.8
914 -8.4 4.8
915 -8.8 4.8
916 -9.2 4.8
917 -9.6 4.8
918 -10.0 4.8
919 -10.4 4.8
920 -10.8 4.8
921 -11.2 4.8
922 -11.6 4.8
923 -12.0 4.8
924 -12.4 4.8
925 -12.8 4.8
926 -13.2 4.8
927 -13.6 4.8
928 0 5.2
929 0.4 5.2
930 0.8 5.2
931 1.2 5.2
932 1.6 5.2
933 2.0 5.2
934 2.4 5.2
935 2.8 5.2
936 3.2 5.2
937 3.6 5.2
938 4.0 5.2
939 4.4 5.2
940 4.8 5.2
941 5.2 5.2
942 5.6 5.2
943 6.0 5.2
944 6.4 5.2
945 6.8 5.2
946 7.2 5.2
947 7.6 5.2
948 8.0 5.2
949 8.4 5.2
950 8.8 5.2
951 9.2 5.2
952 9.6 5.2
953 10.0 5.2
954 10.4 5.2
955 10.8 5.2
956 11.2 5.2
957 11.6 5.2
958 12.0 5.2
959 12.4 5.2
960 12.8 5.2
961 13.2 5.2
962 -0.4 5.2
963 -0.8 5.2
964 -1.2 5.2
965 -1.6 5.2
966 -2.0 5.2
967 -2.4 5.2
968 -2.8 5.2
969 -3.2 5.2
970 -3.6 5.2
971 -4.0 5.2
972 -4.4 5.2
973 -4.8 5.2
974 -5.2 5.2
975 -5.6 5.2
976 -6.0 5.2
977 -6.4 5.2
978 -6.8 5.2
979 -7.2 5.2
980 -7.6 5.2
981 -8.0 5.2
982 -8.4 5.2
983 -8.8 5.2
984 -9.2 5.2
985 -9.6 5.2
986 -10.0 5.2
987 -10.4 5.2
988 -10.8 5.2
989 -11.2 5.2
990 -11.6 5.2
991 -12.0 5.2
992 -12.4 5.2
993 -12.8 5.2
994 -13.2 5.2
995 0 5.6
996 0.4 5.6
997 0.8 5.6
998 1.2 5.6
999 1.6 5.6
1000 2.0 5.6
1001 2.4 5.6
1002 2.8 5.6
1003 3.2 5.6
1004 3.6 5.6
1005 4.0 5.6
1006 4.4 5.6
1007 4.8 5.6
1008 5.2 5.6
1009 5.6 5.6
1010 6.0 5.6
1011 6.4 5.6
1012 6.8 5.6
1013 7.2 5.6
1014 7.6 5.6
1015 8.0 5.6
1016 8.4 5.6
1017 8.8 5.6
1018 9.2 5.6
1019 9.6 5.6
1020 10.0 5.6
1021 10.4 5.6
1022 10.8 5.6
1023 11.2 5.6
1024 11.6 5.6
1025 12.0 5.6
1026 12.4 5.6
1027 12.8 5.6
1028 13.2 5.6
1029 -0.4 5.6
1030 -0.8 5.6
1031 -1.2 5.6
1032 -1.6 5.6
1033 -2.0 5.6
1034 -2.4 5.6
1035 -2.8 5.6
1036 -3.2 5.6
1037 -3.6 5.6
1038 -4.0 5.6
1039 -4.4 5.6
1040 -4.8 5.6
1041 -5.2 5.6
1042 -5.6 5.6
1043 -6.0 5.6
1044 -6.4 5.6
1045 -6.8 5.6
1046 -7.2 5.6
1047 -7.6 5.6
1048 -8.0 5.6
1049 -8.4 5.6
1050 -8.8 5.6
1051 -9.2 5.6
1052 -9.6 5.6
1053 -10.0 5.6
1054 -10.4 5.6
1055 -10.8 5.6
1056 -11.2 5.6
1057 -11.6 5.6
1058 -12.0 5.6
1059 -12.4 5.6
1060 -12.8 5.6
1061 -13.2 5.6
1062 0 6.0
1063 0.4 6.0
1064 0.8 6.0
1065 1.2 6.0
1066 1.6 6.0
1067 2.0 6.0
1068 2.4 6.0
1069 2.8 6.0
1070 3.2 6.0
1071 3.6 6.0
1072 4.0 6.0
1073 4.4 6.0
1074 4.8 6.0
1075 5.2 6.0
1076 5.6 6.0
1077 6.0 6.0
1078 6.4 6.0
1079 6.8 6.0
1080 7.2 6.0
1081 7.6 6.0
1082 8.0 6.0
1083 8.4 6.0
1084 8.8 6.0
1085 9.2 6.0
1086 9.6 6.0
1087 10.0 6.0
1088 10.4 6.0
1089 10.8 6.0
1090 11.2 6.0
1091 11.6 6.0
1092 12.0 6.0
1093 12.4 6.0
1094 12.8 6.0
1095 13.2 6.0
1096 -0.4 6.0
1097 -0.8 6.0
1098 -1.2 6.0
1099 -1.6 6.0
1100 -2.0 6.0
1101 -2.4 6.0
1102 -2.8 6.0
1103 -3.2 6.0
1104 -3.6 6.0
1105 -4.0 6.0
1106 -4.4 6.0
1107 -4.8 6.0
1108 -5.2 6.0
1109 -5.6 6.0
1110 -6.0 6.0
1111 -6.4 6.0
1112 -6.8 6.0
1113 -7.2 6.0
1114 -7.6 6.0
1115 -8.0 6.0
1116 -8.4 6.0
1117 -8.8 6.0
1118 -9.2 6.0
1119 -9.6 6.0
1120 -10.0 6.0
1121 -10.4 6.0
1122 -10.8 6.0
1123 -11.2 6.0
1124 -11.6 6.0
1125 -12.0 6.0
1126 -12.4 6.0
1127 -12.8 6.0
1128 -13.2 6.0
1129 0 6.4
1130 0.4 6.4
1131 0.8 6.4
1132 1.2 6.4
1133 1.6 6.4
1134 2.0 6.4
1135 2.4 6.4
1136 2.8 6.4
1137 3.2 6.4
1138 3.6 6.4
1139 4.0 6.4
1140 4.4 6.4
1141 4.8 6.4
1142 5.2 6.4
1143 5.6 6.4
1144 6.0 6.4
1145 6.4 6.4
1146 6.8 6.4
1147 7.2 6.4
1148 7.6 6.4
1149 8.0 6.4
1150 8.4 6.4
1151 8.8 6.4
1152 9.2 6.4
1153 9.6 6.4
1154 10.0 6.4
1155 10.4 6.4
1156 10.8 6.4
1157 11.2 6.4
1158 11.6 6.4
1159 12.0 6.4
1160 12.4 6.4
1161 12.8 6.4
1162 -0.4 6.4
1163 -0.8 6.4
1164 -1.2 6.4
1165 -1.6 6.4
1166 -2.0 6.4
1167 -2.4 6.4
1168 -2.8 6.4
1169 -3.2 6.4
1170 -3.6 6.4
1171 -4.0 6.4
1172 -4.4 6.4
1173 -4.8 6.4
1174 -5.2 6.4
1175 -5.6 6.4
1176 -6.0 6.4
1177 -6.4 6.4
1178 -6.8 6.4
1179 -7.2 6.4
1180 -7.6 6.4
1181 -8.0 6.4
1182 -8.4 6.4
1183 -8.8 6.4
1184 -9.2 6.4
1185 -9.6 6.4
1186 -10.0 6.4
1187 -10.4 6.4
1188 -10.8 6.4
1189 -11.2 6.4
1190 -11.6 6.4
1191 -12.0 6.4
1192 -12.4 6.4
1193 -12.8 6.4
1194 0 6.8
1195 0.4 6.8
1196 0.8 6.8
1197 1.2 6.8
1198 1.6 6.8
1199 2.0 6.8
1200 2.4 6.8
1201 2.8 6.8
1202 3.2 6.8
1203 3.6 6.8
1204 4.0 6.8
1205 4.4 6.8
1206 4.8 6.8
1207 5.2 6.8
1208 5.6 6.8
1209 6.0 6.8
1210 6.4 6.8
1211 6.8 6.8
1212 7.2 6.8
1213 7.6 6.8
1214 8.0 6.8
1215 8.4 6.8
1216 8.8 6.8
1217 9.2 6.8
1218 9.6 6.8
1219 10.0 6.8
1220 10.4 6.8
1221 10.8 6.8
1222 11.2 6.8
1223 11.6 6.8
1224 12.0 6.8
1225 12.4 6.8
1226 12.8 6.8
1227 -0.4 6.8
1228 -0.8 6.8
1229 -1.2 6.8
1230 -1.6 6.8
1231 -2.0 6.8
1232 -2.4 6.8
1233 -2.8 6.8
1234 -3.2 6.8
1235 -3.6 6.8
1236 -4.0 6.8
1237 -4.4 6.8
1238 -4.8 6.8
1239 -5.2 6.8
1240 -5.6 6.8
1241 -6.0 6.8
1242 -6.4 6.8
1243 -6.8 6.8
1244 -7.2 6.8
1245 -7.6 6.8
1246 -8.0 6.8
1247 -8.4 6.8
1248 -8.8 6.8
1249 -9.2 6.8
1250 -9.6 6.8
1251 -10.0 6.8
1252 -10.4 6.8
1253 -10.8 6.8
1254 -11.2 6.8
1255 -11.6 6.8
1256 -12.0 6.8
1257 -12.4 6.8
1258 -12.8 6.8
1259 0 7.2
1260 0.4 7.2
1261 0.8 7.2
1262 1.2 7.2
1263 1.6 7.2
1264 2.0 7.2
1265 2.4 7.2
1266 2.8 7.2
1267 3.2 7.2
1268 3.6 7.2
1269 4.0 7.2
1270 4.4 7.2
1271 4.8 7.2
1272 5.2 7.2
1273 5.6 7.2
1274 6.0 7.2
1275 6.4 7.2
1276 6.8 7.2
1277 7.2 7.2
1278 7.6 7.2
1279 8.0 7.2
1280 8.4 7.2
1281 8.8 7.2
1282 9.2 7.2
1283 9.6 7.2
1284 10.0 7.2
1285 10.4 7.2
1286 10.8 7.2
1287 11.2 7.2
1288 11.6 7.2
1289 12.0 7.2
1290 12.4 7.2
1291 -0.4 7.2
1292 -0.8 7.2
1293 -1.2 7.2
1294 -1.6 7.2
1295 -2.0 7.2
1296 -2.4 7.2
1297 -2.8 7.2
1298 -3.2 7.2
1299 -3.6 7.2
1300 -4.0 7.2
1301 -4.4 7.2
1302 -4.8 7.2
1303 -5.2 7.2
1304 -5.6 7.2
1305 -6.0 7.2
1306 -6.4 7.2
1307 -6.8 7.2
1308 -7.2 7.2
1309 -7.6 7.2
1310 -8.0 7.2
1311 -8.4 7.2
1312 -8.8 7.2
1313 -9.2 7.2
1314 -9.6 7.2
1315 -10.0 7.2
1316 -10.4 7.2
1317 -10.8 7.2
1318 -11.2 7.2
1319 -11.6 7.2
1320 -12.0 7.2
1321 -12.4 7.2
1322 0 7.6
1323 0.4 7.6
1324 0.8 7.6
1325 1.2 7.6
1326 1.6 7.6
1327 2.0 7.6
1328 2.4 7.6
1329 2.8 7.6
1330 3.2 7.6
1331 3.6 7.6
1332 4.0 7.6
1333 4.4 7.6
1334 4.8 7.6
1335 5.2 7.6
1336 5.6 7.6
1337 6.0 7.6
1338 6.4 7.6
1339 6.8 7.6
1340 7.2 7.6
1341 7.6 7.6
1342 8.0 7.6
1343 8.4 7.6
1344 8.8 7.6
1345 9.2 7.6
1346 9.6 7.6
1347 10.0 7.6
1348 10.4 7.6
1349 10.8 7.6
1350 11.2 7.6
1351 11.6 7.6
1352 12.0 7.6
1353 -0.4 7.6
1354 -0.8 7.6
1355 -1.2 7.6
1356 -1.6 7.6
1357 -2.0 7.6
1358 -2.4 7.6
1359 -2.8 7.6
1360 -3.2 7.6
1361 -3.6 7.6
1362 -4.0 7.6
1363 -4.4 7.6
1364 -4.8 7.6
1365 -5.2 7.6
1366 -5.6 7.6
1367 -6.0 7.6
1368 -6.4 7.6
1369 -6.8 7.6
1370 -7.2 7.6
1371 -7.6 7.6
1372 -8.0 7.6
1373 -8.4 7.6
1374 -8.8 7.6
1375 -9.2 7.6
1376 -9.6 7.6
1377 -10.0 7.6
1378 -10.4 7.6
1379 -10.8 7.6
1380 -11.2 7.6
1381 -11.6 7.6
1382 -12.0 7.6
1383 0 8.0
1384 0.4 8.0
1385 0.8 8.0
1386 1.2 8.0
1387 1.6 8.0
1388 2.0 8.0
1389 2.4 8.0
1390 2.8 8.0
1391 3.2 8.0
1392 3.6 8.0
1393 4.0 8.0
1394 4.4 8.0
1395 4.8 8.0
1396 5.2 8.0
1397 5.6 8.0
1398 6.0 8.0
1399 6.4 8.0
1400 6.8 8.0
1401 7.2 8.0
1402 7.6 8.0
1403 8.0 8.0
1404 8.4 8.0
1405 8.8 8.0
1406 9.2 8.0
1407 9.6 8.0
1408 10.0 8.0
1409 10.4 8.0
1410 10.8 8.0
1411 11.2 8.0
1412 11.6 8.0
1413 12.0 8.0
1414 -0.4 8.0
1415 -0.8 8.0
1416 -1.2 8.0
1417 -1.6 8.0
1418 -2.0 8.0
1419 -2.4 8.0
1420 -2.8 8.0
1421 -3.2 8.0
1422 -3.6 8.0
1423 -4.0 8.0
1424 -4.4 8.0
1425 -4.8 8.0
1426 -5.2 8.0
1427 -5.6 8.0
1428 -6.0 8.0
1429 -6.4 8.0
1430 -6.8 8.0
1431 -7.2 8.0
1432 -7.6 8.0
1433 -8.0 8.0
1434 -8.4 8.0
1435 -8.8 8.0
1436 -9.2 8.0
1437 -9.6 8.0
1438 -10.0 8.0
1439 -10.4 8.0
1440 -10.8 8.0
1441 -11.2 8.0
1442 -11.6 8.0
1443 -12.0 8.0
1444 0 8.4
1445 0.4 8.4
1446 0.8 8.4
1447 1.2 8.4
1448 1.6 8.4
1449 2.0 8.4
1450 2.4 8.4
1451 2.8 8.4
1452 3.2 8.4
1453 3.6 8.4
1454 4.0 8.4
1455 4.4 8.4
1456 4.8 8.4
1457 5.2 8.4
1458 5.6 8.4
1459 6.0 8.4
1460 6.4 8.4
1461 6.8 8.4
1462 7.2 8.4
1463 7.6 8.4
1464 8.0 8.4
1465 8.4 8.4
1466 8.8 8.4
1467 9.2 8.4
1468 9.6 8.4
1469 10.0 8.4
1470 10.4 8.4
1471 10.8 8.4
1472 11.2 8.4
1473 11.6 8.4
1474 -0.4 8.4
1475 -0.8 8.4
1476 -1.2 8.4
1477 -1.6 8.4
1478 -2.0 8.4
1479 -2.4 8.4
1480 -2.8 8.4
1481 -3.2 8.4
1482 -3.6 8.4
1483 -4.0 8.4
1484 -4.4 8.4
1485 -4.8 8.4
1486 -5.2 8.4
1487 -5.6 8.4
1488 -6.0 8.4
1489 -6.4 8.4
1490 -6.8 8.4
1491 -7.2 8.4
1492 -7.6 8.4
1493 -8.0 8.4
1494 -8.4 8.4
1495 -8.8 8.4
1496 -9.2 8.4
1497 -9.6 8.4
1498 -10.0 8.4
1499 -10.4 8.4
1500 -10.8 8.4
1501 -11.2 8.4
1502 -11.6 8.4
1503 0 8.8
1504 0.4 8.8
1505 0.8 8.8
1506 1.2 8.8
1507 1.6 8.8
1508 2.0 8.8
1509 2.4 8.8
1510 2.8 8.8
1511 3.2 8.8
1512 3.6 8.8
1513 4.0 8.8
1514 4.4 8.8
1515 4.8 8.8
1516 5.2 8.8
1517 5.6 8.8
1518 6.0 8.8
1519 6.4 8.8
1520 6.8 8.8
1521 7.2 8.8
1522 7.6 8.8
1523 8.0 8.8
1524 8.4 8.8
1525 8.8 8.8
1526 9.2 8.8
1527 9.6 8.8
1528 10.0 8.8
1529 10.4 8.8
1530 10.8 8.8
1531 11.2 8.8
1532 -0.4 8.8
1533 -0.8 8.8
1534 -1.2 8.8
1535 -1.6 8.8
1536 -2.0 8.8
1537 -2.4 8.8
1538 -2.8 8.8
1539 -3.2 8.8
1540 -3.6 8.8
1541 -4.0 8.8
1542 -4.4 8.8
1543 -4.8 8.8
1544 -5.2 8.8
1545 -5.6 8.8
1546 -6.0 8.8
1547 -6.4 8.8
1548 -6.8 8.8
1549 -7.2 8.8
1550 -7.6 8.8
1551 -8.0 8.8
1552 -8.4 8.8
1553 -8.8 8.8
1554 -9.2 8.8
1555 -9.6 8.8
1556 -10.0 8.8
1557 -10.4 8.8
1558 -10.8 8.8
1559 -11.2 8.8
1560 0 9.2
1561 0.4 9.2
1562 0.8 9.2
1563 1.2 9.2
1564 1.6 9.2
1565 2.0 9.2
1566 2.4 9.2
1567 2.8 9.2
1568 3.2 9.2
1569 3.6 9.2
1570 4.0 9.2
1571 4.4 9.2
1572 4.8 9.2
1573 5.2 9.2
1574 5.6 9.2
1575 6.0 9.2
1576 6.4 9.2
1577 6.8 9.2
1578 7.2 9.2
1579 7.6 9.2
1580 8.0 9.2
1581 8.4 9.2
1582 8.8 9.2
1583 9.2 9.2
1584 9.6 9.2
1585 10.0 9.2
1586 10.4 9.2
1587 10.8 9.2
1588 11.2 9.2
1589 -0.4 9.2
1590 -0.8 9.2
1591 -1.2 9.2
1592 -1.6 9.2
1593 -2.0 9.2
1594 -2.4 9.2
1595 -2.8 9.2
1596 -3.2 9.2
1597 -3.6 9.2
1598 -4.0 9.2
1599 -4.4 9.2
1600 -4.8 9.2
1601 -5.2 9.2
1602 -5.6 9.2
1603 -6.0 9.2
1604 -6.4 9.2
1605 -6.8 9.2
1606 -7.2 9.2
1607 -7.6 9.2
1608 -8.0 9.2
1609 -8.4 9.2
1610 -8.8 9.2
1611 -9.2 9.2
1612 -9.6 9.2
1613 -10.0 9.2
1614 -10.4 9.2
1615 -10.8 9.2
1616 -11.2 9.2
1617 0 9.6
1618 0.4 9.6
1619 0.8 9.6
1620 1.2 9.6
1621 1.6 9.6
1622 2.0 9.6
1623 2.4 9.6
1624 2.8 9.6
1625 3.2 9.6
1626 3.6 9.6
1627 4.0 9.6
1628 4.4 9.6
1629 4.8 9.6
1630 5.2 9.6
1631 5.6 9.6
1632 6.0 9.6
1633 6.4 9.6
1634 6.8 9.6
1635 7.2 9.6
1636 7.6 9.6
1637 8.0 9.6
1638 8.4 9.6
1639 8.8 9.6
1640 9.2 9.6
1641 9.6 9.6
1642 10.0 9.6
1643 10.4 9.6
1644 10.8 9.6
1645 -0.4 9.6
1646 -0.8 9.6
1647 -1.2 9.6
1648 -1.6 9.6
1649 -2.0 9.6
1650 -2.4 9.6
1651 -2.8 9.6
1652 -3.2 9.6
1653 -3.6 9.6
1654 -4.0 9.6
1655 -4.4 9.6
1656 -4.8 9.6
1657 -5.2 9.6
1658 -5.6 9.6
1659 -6.0 9.6
1660 -6.4 9.6
1661 -6.8 9.6
1662 -7.2 9.6
1663 -7.6 9.6
1664 -8.0 9.6
1665 -8.4 9.6
1666 -8.8 9.6
1667 -9.2 9.6
1668 -9.6 9.6
1669 -10.0 9.6
1670 -10.4 9.6
1671 -10.8 9.6
1672 0 10.0
1673 0.4 10.0
1674 0.8 10.0
1675 1.2 10.0
1676 1.6 10.0
1677 2.0 10.0
1678 2.4 10.0
1679 2.8 10.0
1680 3.2 10.0
1681 3.6 10.0
1682 4.0 10.0
1683 4.4 10.0
1684 4.8 10.0
1685 5.2 10.0
1686 5.6 10.0
1687 6.0 10.0
1688 6.4 10.0
1689 6.8 10.0
1690 7.2 10.0
1691 7.6 10.0
1692 8.0 10.0
1693 8.4 10.0
1694 8.8 10.0
1695 9.2 10.0
1696 9.6 10.0
1697 10.0 10.0
1698 10.4 10.0
1699 -0.4 10.0
1700 -0.8 10.0
1701 -1.2 10.0
1702 -1.6 10.0
1703 -2.0 10.0
1704 -2.4 10.0
1705 -2.8 10.0
1706 -3.2 10.0
1707 -3.6 10.0
1708 -4.0 10.0
1709 -4.4 10.0
1710 -4.8 10.0
1711 -5.2 10.0
1712 -5.6 10.0
1713 -6.0 10.0
1714 -6.4 10.0
1715 -6.8 10.0
1716 -7.2 10.0
1717 -7.6 10.0
1718 -8.0 10.0
1719 -8.4 10.0
1720 -8.8 10.0
1721 -9.2 10.0
1722 -9.6 10.0
1723 -10.0 10.0
1724 -10.4 10.0
1725 0 10.4
1726 0.4 10.4
1727 0.8 10.4
1728 1.2 10.4
1729 1.6 10.4
1730 2.0 10.4
1731 2.4 10.4
1732 2.8 10.4
1733 3.2 10.4
1734 3.6 10.4
1735 4.0 10.4
1736 4.4 10.4
1737 4.8 10.4
1738 5.2 10.4
1739 5.6 10.4
1740 6.0 10.4
1741 6.4 10.4
1742 6.8 10.4
1743 7.2 10.4
1744 7.6 10.4
1745 8.0 10.4
1746 8.4 10.4
1747 8.8 10.4
1748 9.2 10.4
1749 9.6 10.4
1750 10.0 10.4
1751 -0.4 10.4
1752 -0.8 10.4
1753 -1.2 10.4
1754 -1.6 10.4
1755 -2.0 10.4
1756 -2.4 10.4
1757 -2.8 10.4
1758 -3.2 10.4
1759 -3.6 10.4
1760 -4.0 10.4
1761 -4.4 10.4
1762 -4.8 10.4
1763 -5.2 10.4
1764 -5.6 10.4
1765 -6.0 10.4
1766 -6.4 10.4
1767 -6.8 10.4
1768 -7.2 10.4
1769 -7.6 10.4
1770 -8.0 10.4
1771 -8.4 10.4
1772 -8.8 10.4
1773 -9.2 10.4
1774 -9.6 10.4
1775 -10.0 10.4
1776 0 10.8
1777 0.4 10.8
1778 0.8 10.8
1779 1.2 10.8
1780 1.6 10.8
1781 2.0 10.8
1782 2.4 10.8
1783 2.8 10.8
1784 3.2 10.8
1785 3.6 10.8
1786 4.0 10.8
1787 4.4 10.8
1788 4.8 10.8
1789 5.2 10.8
1790 5.6 10.8
1791 6.0 10.8
1792 6.4 10.8
1793 6.8 10.8
1794 7.2 10.8
1795 7.6 10.8
1796 8.0 10.8
1797 8.4 10.8
1798 8.8 10.8
1799 9.2 10.8
1800 9.6 10.8
1801 -0.4 10.8
1802 -0.8 10.8
1803 -1.2 10.8
1804 -1.6 10.8
1805 -2.0 10.8
1806 -2.4 10.8
1807 -2.8 10.8
1808 -3.2 10.8
1809 -3.6 10.8
1810 -4.0 10.8
1811 -4.4 10.8
1812 -4.8 10.8
1813 -5.2 10.8
1814 -5.6 10.8
1815 -6.0 10.8
1816 -6.4 10.8
1817 -6.8 10.8
1818 -7.2 10.8
1819 -7.6 10.8
1820 -8.0 10.8
1821 -8.4 10.8
1822 -8.8 10.8
1823 -9.2 10.8
1824 -9.6 10.8
1825 0 11.2
1826 0.4 11.2
1827 0.8 11.2
1828 1.2 11.2
1829 1.6 11.2
1830 2.0 11.2
1831 2.4 11.2
1832 2.8 11.2
1833 3.2 11.2
1834 3.6 11.2
1835 4.0 11.2
1836 4.4 11.2
1837 4.8 11.2
1838 5.2 11.2
1839 5.6 11.2
1840 6.0 11.2
1841 6.4 11.2
1842 6.8 11.2
1843 7.2 11.2
1844 7.6 11.2
1845 8.0 11.2
1846 8.4 11.2
1847 8.8 11.2
1848 9.2 11.2
1849 -0.4 11.2
1850 -0.8 11.2
1851 -1.2 11.2
1852 -1.6 11.2
1853 -2.0 11.2
1854 -2.4 11.2
1855 -2.8 11.2
1856 -3.2 11.2
1857 -3.6 11.2
1858 -4.0 11.2
1859 -4.4 11.2
1860 -4.8 11.2
1861 -5.2 11.2
1862 -5.6 11.2
1863 -6.0 11.2
1864 -6.4 11.2
1865 -6.8 11.2
1866 -7.2 11.2
1867 -7.6 11.2
1868 -8.0 11.2
1869 -8.4 11.2
1870 -8.8 11.2
1871 -9.2 11.2
1872 0 11.6
1873 0.4 11.6
1874 0.8 11.6
1875 1.2 11.6
1876 1.6 11.6
1877 2.0 11.6
1878 2.4 11.6
1879 2.8 11.6
1880 3.2 11.6
1881 3.6 11.6
1882 4.0 11.6
1883 4.4 11.6
1884 4.8 11.6
1885 5.2 11.6
1886 5.6 11.6
1887 6.0 11.6
1888 6.4 11.6
1889 6.8 11.6
1890 7.2 11.6
1891 7.6 11.6
1892 8.0 11.6
1893 8.4 11.6
1894 -0.4 11.6
1895 -0.8 11.6
1896 -1.2 11.6
1897 -1.6 11.6
1898 -2.0 11.6
1899 -2.4 11.6
1900 -2.8 11.6
1901 -3.2 11.6
1902 -3.6 11.6
1903 -4.0 11.6
1904 -4.4 11.6
1905 -4.8 11.6
1906 -5.2 11.6
1907 -5.6 11.6
1908 -6.0 11.6
1909 -6.4 11.6
1910 -6.8 11.6
1911 -7.2 11.6
1912 -7.6 11.6
1913 -8.0 11.6
1914 -8.4 11.6
1915 0 12.0
1916 0.4 12.0
1917 0.8 12.0
1918 1.2 12.0
1919 1.6 12.0
1920 2.0 12.0
1921 2.4 12.0
1922 2.8 12.0
1923 3.2 12.0
1924 3.6 12.0
1925 4.0 12.0
1926 4.4 12.0
1927 4.8 12.0
1928 5.2 12.0
1929 5.6 12.0
1930 6.0 12.0
1931 6.4 12.0
1932 6.8 12.0
1933 7.2 12.0
1934 7.6 12.0
1935 8.0 12.0
1936 -0.4 12.0
1937 -0.8 12.0
1938 -1.2 12.0
1939 -1.6 12.0
1940 -2.0 12.0
1941 -2.4 12.0
1942 -2.8 12.0
1943 -3.2 12.0
1944 -3.6 12.0
1945 -4.0 12.0
1946 -4.4 12.0
1947 -4.8 12.0
1948 -5.2 12.0
1949 -5.6 12.0
1950 -6.0 12.0
1951 -6.4 12.0
1952 -6.8 12.0
1953 -7.2 12.0
1954 -7.6 12.0
1955 -8.0 12.0
1956 0 12.4
1957 0.4 12.4
1958 0.8 12.4
1959 1.2 12.4
1960 1.6 12.4
1961 2.0 12.4
1962 2.4 12.4
1963 2.8 12.4
1964 3.2 12.4
1965 3.6 12.4
1966 4.0 12.4
1967 4.4 12.4
1968 4.8 12.4
1969 5.2 12.4
1970 5.6 12.4
1971 6.0 12.4
1972 6.4 12.4
1973 6.8 12.4
1974 7.2 12.4
1975 -0.4 12.4
1976 -0.8 12.4
1977 -1.2 12.4
1978 -1.6 12.4
1979 -2.0 12.4
1980 -2.4 12.4
1981 -2.8 12.4
1982 -3.2 12.4
1983 -3.6 12.4
1984 -4.0 12.4
1985 -4.4 12.4
1986 -4.8 12.4
1987 -5.2 12.4
1988 -5.6 12.4
1989 -6.0 12.4
1990 -6.4 12.4
1991 -6.8 12.4
1992 -7.2 12.4
1993 0 12.8
1994 0.4 12.8
1995 0.8 12.8
1996 1.2 12.8
1997 1.6 12.8
1998 2.0 12.8
1999 2.4 12.8
2000 2.8 12.8
2001 3.2 12.8
2002 3.6 12.8
2003 4.0 12.8
2004 4.4 12.8
2005 4.8 12.8
2006 5.2 12.8
2007 5.6 12.8
2008 6.0 12.8
2009 6.4 12.8
2010 6.8 12.8
2011 -0.4 12.8
2012 -0.8 12.8
2013 -1.2 12.8
2014 -1.6 12.8
2015 -2.0 12.8
2016 -2.4 12.8
2017 -2.8 12.8
2018 -3.2 12.8
2019 -3.6 12.8
2020 -4.0 12.8
2021 -4.4 12.8
2022 -4.8 12.8
2023 -5.2 12.8
2024 -5.6 12.8
2025 -6.0 12.8
2026 -6.4 12.8
2027 -6.8 12.8
2028 0 13.2
2029 0.4 13.2
2030 0.8 13.2
2031 1.2 13.2
2032 1.6 13.2
2033 2.0 13.2
2034 2.4 13.2
2035 2.8 13.2
2036 3.2 13.2
2037 3.6 13.2
2038 4.0 13.2
2039 4.4 13.2
2040 4.8 13.2
2041 5.2 13.2
2042 5.6 13.2
2043 6.0 13.2
2044 -0.4 13.2
2045 -0.8 13.2
2046 -1.2 13.2
2047 -1.6 13.2
2048 -2.0 13.2
2049 -2.4 13.2
2050 -2.8 13.2
2051 -3.2 13.2
2052 -3.6 13.2
2053 -4.0 13.2
2054 -4.4 13.2
2055 -4.8 13.2
2056 -5.2 13.2
2057 -5.6 13.2
2058 -6.0 13.2
2059 0 13.6
2060 0.4 13.6
2061 0.8 13.6
2062 1.2 13.6
2063 1.6 13.6
2064 2.0 13.6
2065 2.4 13.6
2066 2.8 13.6
2067 3.2 13.6
2068 3.6 13.6
2069 4.0 13.6
2070 4.4 13.6
2071 4.8 13.6
2072 -0.4 13.6
2073 -0.8 13.6
2074 -1.2 13.6
2075 -1.6 13.6
2076 -2.0 13.6
2077 -2.4 13.6
2078 -2.8 13.6
2079 -3.2 13.6
2080 -3.6 13.6
2081 -4.0 13.6
2082 -4.4 13.6
2083 -4.8 13.6
2084 0 14.0
2085 0.4 14.0
2086 0.8 14.0
2087 1.2 14.0
2088 1.6 14.0
2089 2.0 14.0
2090 2.4 14.0
2091 2.8 14.0
2092 3.2 14.0
2093 3.6 14.0
2094 -0.4 14.0
2095 -0.8 14.0
2096 -1.2 14.0
2097 -1.6 14.0
2098 -2.0 14.0
2099 -2.4 14.0
2100 -2.8 14.0
2101 -3.2 14.0
2102 -3.6 14.0
2103 0 14.4
2104 0.4 14.4
2105 0.8 14.4
2106 1.2 14.4
2107 1.6 14.4
2108 -0.4 14.4
2109 -0.8 14.4
2110 -1.2 14.4
2111 -1.6 14.4
2112 0 -0.4
2113 0.4 -0.4
2114 0.8 -0.4
2115 1.2 -0.4
2116 1.6 -0.4
2117 2.0 -0.4
2118 2.4 -0.4
2119 2.8 -0.4
2120 3.2 -0.4
2121 3.6 -0.4
2122 4.0 -0.4
2123 4.4 -0.4
2124 4.8 -0.4
2125 5.2 -0.4
2126 5.6 -0.4
2127 6.0 -0.4
2128 6.4 -0.4
2129 6.8 -0.4
2130 7.2 -0.4
2131 7.6 -0.4
2132 8.0 -0.4
2133 8.4 -0.4
2134 8.8 -0.4
2135 9.2 -0.4
2136 9.6 -0.4
2137 10.0 -0.4
2138 10.4 -0.4
2139 10.8 -0.4
2140 11.2 -0.4
2141 11.6 -0.4
2142 12.0 -0.4
2143 12.4 -0.4
2144 12.8 -0.4
2145 13.2 -0.4
2146 13.6 -0.4
2147 14.0 -0.4
2148 14.4 -0.4
2149 -0.4 -0.4
2150 -0.8 -0.4
2151 -1.2 -0.4
2152 -1.6 -0.4
2153 -2.0 -0.4
2154 -2.4 -0.4
2155 -2.8 -0.4
2156 -3.2 -0.4
2157 -3.6 -0.4
2158 -4.0 -0.4
2159 -4.4 -0.4
2160 -4.8 -0.4
2161 -5.2 -0.4
2162 -5.6 -0.4
2163 -6.0 -0.4
2164 -6.4 -0.4
2165 -6.8 -0.4
2166 -7.2 -0.4
2167 -7.6 -0.4
2168 -8.0 -0.4
2169 -8.4 -0.4
2170 -8.8 -0.4
2171 -9.2 -0.4
2172 -9.6 -0.4
2173 -10.0 -0.4
2174 -10.4 -0.4
2175 -10.8 -0.4
2176 -11.2 -0.4
2177 -11.6 -0.4
2178 -12.0 -0.4
2179 -12.4 -0.4
2180 -12.8 -0.4
2181 -13.2 -0.4
2182 -13.6 -0.4
2183 -14.0 -0.4
2184 -14.4 -0.4
2185 0 -0.8
2186 0.4 -0.8
2187 0.8 -0.8
2188 1.2 -0.8
2189 1.6 -0.8
2190 2.0 -0.8
2191 2.4 -0.8
2192 2.8 -0.8
2193 3.2 -0.8
2194 3.6 -0.8
2195 4.0 -0.8
2196 4.4 -0.8
2197 4.8 -0.8
2198 5.2 -0.8
2199 5.6 -0.8
2200 6.0 -0.8
2201 6.4 -0.8
2202 6.8 -0.8
2203 7.2 -0.8
2204 7.6 -0.8
2205 8.0 -0.8
2206 8.4 -0.8
2207 8.8 -0.8
2208 9.2 -0.8
2209 9.6 -0.8
2210 10.0 -0.8
2211 10.4 -0.8
2212 10.8 -0.8
2213 11.2 -0.8
2214 11.6 -0.8
2215 12.0 -0.8
2216 12.4 -0.8
2217 12.8 -0.8
2218 13.2 -0.8
2219 13.6 -0.8
2220 14.0 -0.8
2221 14.4 -0.8
2222 -0.4 -0.8
2223 -0.8 -0.8
2224 -1.2 -0.8
2225 -1.6 -0.8
2226 -2.0 -0.8
2227 -2.4 -0.8
2228 -2.8 -0.8
2229 -3.2 -0.8
2230 -3.6 -0.8
2231 -4.0 -0.8
2232 -4.4 -0.8
2233 -4.8 -0.8
2234 -5.2 -0.8
2235 -5.6 -0.8
2236 -6.0 -0.8
2237 -6.4 -0.8
2238 -6.8 -0.8
2239 -7.2 -0.8
2240 -7.6 -0.8
2241 -8.0 -0.8
2242 -8.4 -0.8
2243 -8.8 -0.8
2244 -9.2 -0.8
2245 -9.6 -0.8
2246 -10.0 -0.8
2247 -10.4 -0.8
2248 -10.8 -0.8
2249 -11.2 -0.8
2250 -11.6 -0.8
2251 -12.0 -0.8
2252 -12.4 -0.8
2253 -12.8 -0.8
2254 -13.2 -0.8
2255 -13.6 -0.8
2256 -14.0 -0.8
2257 -14.4 -0.8
2258 0 -1.2
2259 0.4 -1.2
2260 0.8 -1.2
2261 1.2 -1.2
2262 1.6 -1.2
2263 2.0 -1.2
2264 2.4 -1.2
2265 2.8 -1.2
2266 3.2 -1.2
2267 3.6 -1.2
2268 4.0 -1.2
2269 4.4 -1.2
2270 4.8 -1.2
2271 5.2 -1.2
2272 5.6 -1.2
2273 6.0 -1.2
2274 6.4 -1.2
2275 6.8 -1.2
2276 7.2 -1.2
2277 7.6 -1.2
2278 8.0 -1.2
2279 8.4 -1.2
2280 8.8 -1.2
2281 9.2 -1.2
2282 9.6 -1.2
2283 10.0 -1.2
2284 10.4 -1.2
2285 10.8 -1.2
2286 11.2 -1.2
2287 11.6 -1.2
2288 12.0 -1.2
2289 12.4 -1.2
2290 12.8 -1.2
2291 13.2 -1.2
2292 13.6 -1.2
2293 14.0 -1.2
2294 14.4 -1.2
2295 -0.4 -1.2
2296 -0.8 -1.2
2297 -1.2 -1.2
2298 -1.6 -1.2
2299 -2.0 -1.2
2300 -2.4 -1.2
2301 -2.8 -1.2
2302 -3.2 -1.2
2303 -3.6 -1.2
2304 -4.0 -1.2
2305 -4.4 -1.2
2306 -4.8 -1.2
2307 -5.2 -1.2
2308 -5.6 -1.2
2309 -6.0 -1.2
2310 -6.4 -1.2
2311 -6.8 -1.2
2312 -7.2 -1.2
2313 -7.6 -1.2
2314 -8.0 -1.2
2315 -8.4 -1.2
2316 -8.8 -1.2
2317 -9.2 -1.2
2318 -9.6 -1.2
2319 -10.0 -1.2
2320 -10.4 -1.2
2321 -10.8 -1.2
2322 -11.2 -1.2
2323 -11.6 -1.2
2324 -12.0 -1.2
2325 -12.4 -1.2
2326 -12.8 -1.2
2327 -13.2 -1.2
2328 -13.6 -1.2
2329 -14.0 -1.2
2330 -14.4 -1.2
2331 0 -1.6
2332 0.4 -1.6
2333 0.8 -1.6
2334 1.2 -1.6
2335 1.6 -1.6
2336 2.0 -1.6
2337 2.4 -1.6
2338 2.8 -1.6
2339 3.2 -1.6
2340 3.6 -1.6
2341 4.0 -1.6
2342 4.4 -1.6
2343 4.8 -1.6
2344 5.2 -1.6
2345 5.6 -1.6
2346 6.0 -1.6
2347 6.4 -1.6
2348 6.8 -1.6
2349 7.2 -1.6
2350 7.6 -1.6
2351 8.0 -1.6
2352 8.4 -1.6
2353 8.8 -1.6
2354 9.2 -1.6
2355 9.6 -1.6
2356 10.0 -1.6
2357 10.4 -1.6
2358 10.8 -1.6
2359 11.2 -1.6
2360 11.6 -1.6
2361 12.0 -1.6
2362 12.4 -1.6
2363 12.8 -1.6
2364 13.2 -1.6
2365 13.6 -1.6
2366 14.0 -1.6
2367 14.4 -1.6
2368 -0.4 -1.6
2369 -0.8 -1.6
2370 -1.2 -1.6
2371 -1.6 -1.6
2372 -2.0 -1.6
2373 -2.4 -1.6
2374 -2.8 -1.6
2375 -3.2 -1.6
2376 -3.6 -1.6
2377 -4.0 -1.6
2378 -4.4 -1.6
2379 -4.8 -1.6
2380 -5.2 -1.6
2381 -5.6 -1.6
2382 -6.0 -1.6
2383 -6.4 -1.6
2384 -6.8 -1.6
2385 -7.2 -1.6
2386 -7.6 -1.6
2387 -8.0 -1.6
2388 -8.4 -1.6
2389 -8.8 -1.6
2390 -9.2 -1.6
2391 -9.6 -1.6
2392 -10.0 -1.6
2393 -10.4 -1.6
2394 -10.8 -1.6
2395 -11.2 -1.6
2396 -11.6 -1.6
2397 -12.0 -1.6
2398 -12.4 -1.6
2399 -12.8 -1.6
2400 -13.2 -1.6
2401 -13.6 -1.6
2402 -14.0 -1.6
2403 -14.4 -1.6
2404 0 -2.0
2405 0.4 -2.0
2406 0.8 -2.0
2407 1.2 -2.0
2408 1.6 -2.0
2409 2.0 -2.0
2410 2.4 -2.0
2411 2.8 -2.0
2412 3.2 -2.0
2413 3.6 -2.0
2414 4.0 -2.0
2415 4.4 -2.0
2416 4.8 -2.0
2417 5.2 -2.0
2418 5.6 -2.0
2419 6.0 -2.0
2420 6.4 -2.0
2421 6.8 -2.0
2422 7.2 -2.0
2423 7.6 -2.0
2424 8.0 -2.0
2425 8.4 -2.0
2426 8.8 -2.0
2427 9.2 -2.0
2428 9.6 -2.0
2429 10.0 -2.0
2430 10.4 -2.0
2431 10.8 -2.0
2432 11.2 -2.0
2433 11.6 -2.0
2434 12.0 -2.0
2435 12.4 -2.0
2436 12.8 -2.0
2437 13.2 -2.0
2438 13.6 -2.0
2439 14.0 -2.0
2440 -0.4 -2.0
2441 -0.8 -2.0
2442 -1.2 -2.0
2443 -1.6 -2.0
2444 -2.0 -2.0
2445 -2.4 -2.0
2446 -2.8 -2.0
2447 -3.2 -2.0
2448 -3.6 -2.0
2449 -4.0 -2.0
2450 -4.4 -2.0
2451 -4.8 -2.0
2452 -5.2 -2.0
2453 -5.6 -2.0
2454 -6.0 -2.0
2455 -6.4 -2.0
2456 -6.8 -2.0
2457 -7.2 -2.0
2458 -7.6 -2.0
2459 -8.0 -2.0
2460 -8.4 -2.0
2461 -8.8 -2.0
2462 -9.2 -2.0
2463 -9.6 -2.0
2464 -10.0 -2.0
2465 -10.4 -2.0
2466 -10.8 -2.0
2467 -11.2 -2.0
2468 -11.6 -2.0
2469 -12.0 -2.0
2470 -12.4 -2.0
2471 -12.8 -2.0
2472 -13.2 -2.0
2473 -13.6 -2.0
2474 -14.0 -2.0
2475 0 -2.4
2476 0.4 -2.4
2477 0.8 -2.4
2478 1.2 -2.4
2479 1.6 -2.4
2480 2.0 -2.4
2481 2.4 -2.4
2482 2.8 -2.4
2483 3.2 -2.4
2484 3.6 -2.4
2485 4.0 -2.4
2486 4.4 -2.4
2487 4.8 -2.4
2488 5.2 -2.4
2489 5.6 -2.4
2490 6.0 -2.4
2491 6.4 -2.4
2492 6.8 -2.4
2493 7.2 -2.4
2494 7.6 -2.4
2495 8.0 -2.4
2496 8.4 -2.4
2497 8.8 -2.4
2498 9.2 -2.4
2499 9.6 -2.4
2500 10.0 -2.4
2501 10.4 -2.4
2502 10.8 -2.4
2503 11.2 -2.4
2504 11.6 -2.4
2505 12.0 -2.4
2506 12.4 -2.4
2507 12.8 -2.4
2508 13.2 -2.4
2509 13.6 -2.4
2510 14.0 -2.4
2511 -0.4 -2.4
2512 -0.8 -2.4
2513 -1.2 -2.4
2514 -1.6 -2.4
2515 -2.0 -2.4
2516 -2.4 -2.4
2517 -2.8 -2.4
2518 -3.2 -2.4
2519 -3.6 -2.4
2520 -4.0 -2.4
2521 -4.4 -2.4
2522 -4.8 -2.4
2523 -5.2 -2.4
2524 -5.6 -2.4
2525 -6.0 -2.4
2526 -6.4 -2.4
2527 -6.8 -2.4
2528 -7.2 -2.4
2529 -7.6 -2.4
2530 -8.0 -2.4
2531 -8.4 -2.4
2532 -8.8 -2.4
2533 -9.2 -2.4
2534 -9.6 -2.4
2535 -10.0 -2.4
2536 -10.4 -2.4
2537 -10.8 -2.4
2538 -11.2 -2.4
2539 -11.6 -2.4
2540 -12.0 -2.4
2541 -12.4 -2.4
2542 -12.8 -2.4
2543 -13.2 -2.4
2544 -13.6 -2.4
2545 -14.0 -2.4
2546 0 -2.8
2547 0.4 -2.8
2548 0.8 -2.8
2549 1.2 -2.8
2550 1.6 -2.8
2551 2.0 -2.8
2552 2.4 -2.8
2553 2.8 -2.8
2554 3.2 -2.8
2555 3.6 -2.8
2556 4.0 -2.8
2557 4.4 -2.8
2558 4.8 -2.8
2559 5.2 -2.8
2560 5.6 -2.8
2561 6.0 -2.8
2562 6.4 -2.8
2563 6.8 -2.8
2564 7.2 -2.8
2565 7.6 -2.8
2566 8.0 -2.8
2567 8.4 -2.8
2568 8.8 -2.8
2569 9.2 -2.8
2570 9.6 -2.8
2571 10.0 -2.8
2572 10.4 -2.8
2573 10.8 -2.8
2574 11.2 -2.8
2575 11.6 -2.8
2576 12.0 -2.8
2577 12.4 -2.8
2578 12.8 -2.8
2579 13.2 -2.8
2580 13.6 -2.8
2581 14.0 -2.8
2582 -0.4 -2.8
2583 -0.8 -2.8
2584 -1.2 -2.8
2585 -1.6 -2.8
2586 -2.0 -2.8
2587 -2.4 -2.8
2588 -2.8 -2.8
2589 -3.2 -2.8
2590 -3.6 -2.8
2591 -4.0 -2.8
2592 -4.4 -2.8
2593 -4.8 -2.8
2594 -5.2 -2.8
2595 -5.6 -2.8
2596 -6.0 -2.8
2597 -6.4 -2.8
2598 -6.8 -2.8
2599 -7.2 -2.8
2600 -7.6 -2.8
2601 -8.0 -2.8
2602 -8.4 -2.8
2603 -8.8 -2.8
2604 -9.2 -2.8
2605 -9.6 -2.8
2606 -10.0 -2.8
2607 -10.4 -2.8
2608 -10.8 -2.8
2609 -11.2 -2.8
2610 -11.6 -2.8
2611 -12.0 -2.8
2612 -12.4 -2.8
2613 -12.8 -2.8
2614 -13.2 -2.8
2615 -13.6 -2.8
2616 -14.0 -2.8
2617 0 -3.2
2618 0.4 -3.2
2619 0.8 -3.2
2620 1.2 -3.2
2621 1.6 -3.2
2622 2.0 -3.2
2623 2.4 -3.2
2624 2.8 -3.2
2625 3.2 -3.2
2626 3.6 -3.2
2627 4.0 -3.2
2628 4.4 -3.2
2629 4.8 -3.2
2630 5.2 -3.2
2631 5.6 -3.2
2632 6.0 -3.2
2633 6.4 -3.2
2634 6.8 -3.2
2635 7.2 -3.2
2636 7.6 -3.2
2637 8.0 -3.2
2638 8.4 -3.2
2639 8.8 -3.2
2640 9.2 -3.2
2641 9.6 -3.2
2642 10.0 -3.2
2643 10.4 -3.2
2644 10.8 -3.2
2645 11.2 -3.2
2646 11.6 -3.2
2647 12.0 -3.2
2648 12.4 -3.2
2649 12.8 -3.2
2650 13.2 -3.2
2651 13.6 -3.2
2652 14.0 -3.2
2653 -0.4 -3.2
2654 -0.8 -3.2
2655 -1.2 -3.2
2656 -1.6 -3.2
2657 -2.0 -3.2
2658 -2.4 -3.2
2659 -2.8 -3.2
2660 -3.2 -3.2
2661 -3.6 -3.2
2662 -4.0 -3.2
2663 -4.4 -3.2
2664 -4.8 -3.2
2665 -5.2 -3.2
2666 -5.6 -3.2
2667 -6.0 -3.2
2668 -6.4 -3.2
2669 -6.8 -3.2
2670 -7.2 -3.2
2671 -7.6 -3.2
2672 -8.0 -3.2
2673 -8.4 -3.2
2674 -8.8 -3.2
2675 -9.2 -3.2
2676 -9.6 -3.2
2677 -10.0 -3.2
2678 -10.4 -3.2
2679 -10.8 -3.2
2680 -11.2 -3.2
2681 -11.6 -3.2
2682 -12.0 -3.2
2683 -12.4 -3.2
2684 -12.8 -3.2
2685 -13.2 -3.2
2686 -13.6 -3.2
2687 -14.0 -3.2
2688 0 -3.6
2689 0.4 -3.6
2690 0.8 -3.6
2691 1.2 -3.6
2692 1.6 -3.6
2693 2.0 -3.6
2694 2.4 -3.6
2695 2.8 -3.6
2696 3.2 -3.6
2697 3.6 -3.6
2698 4.0 -3.6
2699 4.4 -3.6
2700 4.8 -3.6
2701 5.2 -3.6
2702 5.6 -3.6
2703 6.0 -3.6
2704 6.4 -3.6
2705 6.8 -3.6
2706 7.2 -3.6
2707 7.6 -3.6
2708 8.0 -3.6
2709 8.4 -3.6
2710 8.8 -3.6
2711 9.2 -3.6
2712 9.6 -3.6
2713 10.0 -3.6
2714 10.4 -3.6
2715 10.8 -3.6
2716 11.2 -3.6
2717 11.6 -3.6
2718 12.0 -3.6
2719 12.4 -3.6
2720 12.8 -3.6
2721 13.2 -3.6
2722 13.6 -3.6
2723 14.0 -3.6
2724 -0.4 -3.6
2725 -0.8 -3.6
2726 -1.2 -3.6
2727 -1.6 -3.6
2728 -2.0 -3.6
2729 -2.4 -3.6
2730 -2.8 -3.6
2731 -3.2 -3.6
2732 -3.6 -3.6
2733 -4.0 -3.6
2734 -4.4 -3.6
2735 -4.8 -3.6
2736 -5.2 -3.6
2737 -5.6 -3.6
2738 -6.0 -3.6
2739 -6.4 -3.6
2740 -6.8 -3.6
2741 -7.2 -3.6
2742 -7.6 -3.6
2743 -8.0 -3.6
2744 -8.4 -3.6
2745 -8.8 -3.6
2746 -9.2 -3.6
2747 -9.6 -3.6
2748 -10.0 -3.6
2749 -10.4 -3.6
2750 -10.8 -3.6
2751 -11.2 -3.6
2752 -11.6 -3.6
2753 -12.0 -3.6
2754 -12.4 -3.6
2755 -12.8 -3.6
2756 -13.2 -3.6
2757 -13.6 -3.6
2758 -14.0 -3.6
2759 0 -4.0
2760 0.4 -4.0
2761 0.8 -4.0
2762 1.2 -4.0
2763 1.6 -4.0
2764 2.0 -4.0
2765 2.4 -4.0
2766 2.8 -4.0
2767 3.2 -4.0
2768 3.6 -4.0
2769 4.0 -4.0
2770 4.4 -4.0
2771 4.8 -4.0
2772 5.2 -4.0
2773 5.6 -4.0
2774 6.0 -4.0
2775 6.4 -4.0
2776 6.8 -4.0
2777 7.2 -4.0
2778 7.6 -4.0
2779 8.0 -4.0
2780 8.4 -4.0
2781 8.8 -4.0
2782 9.2 -4.0
2783 9.6 -4.0
2784 10.0 -4.0
2785 10.4 -4.0
2786 10.8 -4.0
2787 11.2 -4.0
2788 11.6 -4.0
2789 12.0 -4.0
2790 12.4 -4.0
2791 12.8 -4.0
2792 13.2 -4.0
2793 13.6 -4.0
2794 -0.4 -4.0
2795 -0.8 -4.0
2796 -1.2 -4.0
2797 -1.6 -4.0
2798 -2.0 -4.0
2799 -2.4 -4.0
2800 -2.8 -4.0
2801 -3.2 -4.0
2802 -3.6 -4.0
2803 -4.0 -4.0
2804 -4.4 -4.0
2805 -4.8 -4.0
2806 -5.2 -4.0
2807 -5.6 -4.0
2808 -6.0 -4.0
2809 -6.4 -4.0
2810 -6.8 -4.0
2811 -7.2 -4.0
2812 -7.6 -4.0
2813 -8.0 -4.0
2814 -8.4 -4.0
2815 -8.8 -4.0
2816 -9.2 -4.0
2817 -9.6 -4.0
2818 -10.0 -4.0
2819 -10.4 -4.0
2820 -10.8 -4.0
2821 -11.2 -4.0
2822 -11.6 -4.0
2823 -12.0 -4.0
2824 -12.4 -4.0
2825 -12.8 -4.0
2826 -13.2 -4.0
2827 -13.6 -4.0
2828 0 -4.4
2829 0.4 -4.4
2830 0.8 -4.4
2831 1.2 -4.4
2832 1.6 -4.4
2833 2.0 -4.4
2834 2.4 -4.4
2835 2.8 -4.4
2836 3.2 -4.4
2837 3.6 -4.4
2838 4.0 -4.4
2839 4.4 -4.4
2840 4.8 -4.4
2841 5.2 -4.4
2842 5.6 -4.4
2843 6.0 -4.4
2844 6.4 -4.4
2845 6.8 -4.4
2846 7.2 -4.4
2847 7.6 -4.4
2848 8.0 -4.4
2849 8.4 -4.4
2850 8.8 -4.4
2851 9.2 -4.4
2852 9.6 -4.4
2853 10.0 -4.4
2854 10.4 -4.4
2855 10.8 -4.4
2856 11.2 -4.4
2857 11.6 -4.4
2858 12.0 -4.4
2859 12.4 -4.4
2860 12.8 -4.4
2861 13.2 -4.4
2862 13.6 -4.4
2863 -0.4 -4.4
2864 -0.8 -4.4
2865 -1.2 -4.4
2866 -1.6 -4.4
2867 -2.0 -4.4
2868 -2.4 -4.4
2869 -2.8 -4.4
2870 -3.2 -4.4
2871 -3.6 -4.4
2872 -4.0 -4.4
2873 -4.4 -4.4
2874 -4.8 -4.4
2875 -5.2 -4.4
2876 -5.6 -4.4
2877 -6.0 -4.4
2878 -6.4 -4.4
2879 -6.8 -4.4
2880 -7.2 -4.4
2881 -7.6 -4.4
2882 -8.0 -4.4
2883 -8.4 -4.4
2884 -8.8 -4.4
2885 -9.2 -4.4
2886 -9.6 -4.4
2887 -10.0 -4.4
2888 -10.4 -4.4
2889 -10.8 -4.4
2890 -11.2 -4.4
2891 -11.6 -4.4
2892 -12.0 -4.4
2893 -12.4 -4.4
2894 -12.8 -4.4
2895 -13.2 -4.4
2896 -13.6 -4.4
2897 0 -4.8
2898 0.4 -4.8
2899 0.8 -4.8
2900 1.2 -4.8
2901 1.6 -4.8
2902 2.0 -4.8
2903 2.4 -4.8
2904 2.8 -4.8
2905 3.2 -4.8
2906 3.6 -4.8
2907 4.0 -4.8
2908 4.4 -4.8
2909 4.8 -4.8
2910 5.2 -4.8
2911 5.6 -4.8
2912 6.0 -4.8
2913 6.4 -4.8
2914 6.8 -4.8
2915 7.2 -4.8
2916 7.6 -4.8
2917 8.0 -4.8
2918 8.4 -4.8
2919 8.8 -4.8
2920 9.2 -4.8
2921 9.6 -4.8
2922 10.0 -4.8
2923 10.4 -4.8
2924 10.8 -4.8
2925 11.2 -4.8
2926 11.6 -4.8
2927 12.0 -4.8
2928 12.4 -4.8
2929 12.8 -4.8
2930 13.2 -4.8
2931 13.6 -4.8
2932 -0.4 -4.8
2933 -0.8 -4.8
2934 -1.2 -4.8
2935 -1.6 -4.8
2936 -2.0 -4.8
2937 -2.4 -4.8
2938 -2.8 -4.8
2939 -3.2 -4.8
2940 -3.6 -4.8
2941 -4.0 -4.8
2942 -4.4 -4.8
2943 -4.8 -4.8
2944 -5.2 -4.8
2945 -5.6 -4.8
2946 -6.0 -4.8
2947 -6.4 -4.8
2948 -6.8 -4.8
2949 -7.2 -4.8
2950 -7.6 -4.8
2951 -8.0 -4.8
2952 -8.4 -4.8
2953 -8.8 -4.8
2954 -9.2 -4.8
2955 -9.6 -4.8
2956 -10.0 -4.8
2957 -10.4 -4.8
2958 -10.8 -4.8
2959 -11.2 -4.8
2960 -11.6 -4.8
2961 -12.0 -4.8
2962 -12.4 -4.8
2963 -12.8 -4.8
2964 -13.2 -4.8
2965 -13.6 -4.8
2966 0 -5.2
2967 0.4 -5.2
2968 0.8 -5.2
2969 1.2 -5.2
2970 1.6 -5.2
2971 2.0 -5.2
2972 2.4 -5.2
2973 2.8 -5.2
2974 3.2 -5.2
2975 3.6 -5.2
2976 4.0 -5.2
2977 4.4 -5.2
2978 4.8 -5.2
2979 5.2 -5.2
2980 5.6 -5.2
2981 6.0 -5.2
2982 6.4 -5.2
2983 6.8 -5.2
2984 7.2 -5.2
2985 7.6 -5.2
2986 8.0 -5.2
2987 8.4 -5.2
2988 8.8 -5.2
2989 9.2 -5.2
2990 9.6 -5.2
2991 10.0 -5.2
2992 10.4 -5.2
2993 10.8 -5.2
2994 11.2 -5.2
2995 11.6 -5.2
2996 12.0 -5.2
2997 12.4 -5.2
2998 12.8 -5.2
2999 13.2 -5.2
3000 -0.4 -5.2
3001 -0.8 -5.2
3002 -1.2 -5.2
3003 -1.6 -5.2
3004 -2.0 -5.2
3005 -2.4 -5.2
3006 -2.8 -5.2
3007 -3.2 -5.2
3008 -3.6 -5.2
3009 -4.0 -5.2
3010 -4.4 -5.2
3011 -4.8 -5.2
3012 -5.2 -5.2
3013 -5.6 -5.2
3014 -6.0 -5.2
3015 -6.4 -5.2
3016 -6.8 -5.2
3017 -7.2 -5.2
3018 -7.6 -5.2
3019 -8.0 -5.2
3020 -8.4 -5.2
3021 -8.8 -5.2
3022 -9.2 -5.2
3023 -9.6 -5.2
3024 -10.0 -5.2
3025 -10.4 -5.2
3026 -10.8 -5.2
3027 -11.2 -5.2
3028 -11.6 -5.2
3029 -12.0 -5.2
3030 -12.4 -5.2
3031 -12.8 -5.2
3032 -13.2 -5.2
3033 0 -5.6
3034 0.4 -5.6
3035 0.8 -5.6
3036 1.2 -5.6
3037 1.6 -5.6
3038 2.0 -5.6
3039 2.4 -5.6
3040 2.8 -5.6
3041 3.2 -5.6
3042 3.6 -5.6
3043 4.0 -5.6
3044 4.4 -5.6
3045 4.8 -5.6
3046 5.2 -5.6
3047 5.6 -5.6
3048 6.0 -5.6
3049 6.4 -5.6
3050 6.8 -5.6
3051 7.2 -5.6
3052 7.6 -5.6
3053 8.0 -5.6
3054 8.4 -5.6
3055 8.8 -5.6
3056 9.2 -5.6
3057 9.6 -5.6
3058 10.0 -5.6
3059 10.4 -5.6
3060 10.8 -5.6
3061 11.2 -5.6
3062 11.6 -5.6
3063 12.0 -5.6
3064 12.4 -5.6
3065 12.8 -5.6
3066 13.2 -5.6
3067 -0.4 -5.6
3068 -0.8 -5.6
3069 -1.2 -5.6
3070 -1.6 -5.6
3071 -2.0 -5.6
3072 -2.4 -5.6
3073 -2.8 -5.6
3074 -3.2 -5.6
3075 -3.6 -5.6
3076 -4.0 -5.6
3077 -4.4 -5.6
3078 -4.8 -5.6
3079 -5.2 -5.6
3080 -5.6 -5.6
3081 -6.0 -5.6
3082 -6.4 -5.6
3083 -6.8 -5.6
3084 -7.2 -5.6
3085 -7.6 -5.6
3086 -8.0 -5.6
3087 -8.4 -5.6
3088 -8.8 -5.6
3089 -9.2 -5.6
3090 -9.6 -5.6
3091 -10.0 -5.6
3092 -10.4 -5.6
3093 -10.8 -5.6
3094 -11.2 -5.6
3095 -11.6 -5.6
3096 -12.0 -5.6
3097 -12.4 -5.6
3098 -12.8 -5.6
3099 -13.2 -5.6
3100 0 -6.0
3101 0.4 -6.0
3102 0.8 -6.0
3103 1.2 -6.0
3104 1.6 -6.0
3105 2.0 -6.0
3106 2.4 -6.0
3107 2.8 -6.0
3108 3.2 -6.0
3109 3.6 -6.0
3110 4.0 -6.0
3111 4.4 -6.0
3112 4.8 -6.0
3113 5.2 -6.0
3114 5.6 -6.0
3115 6.0 -6.0
3116 6.4 -6.0
3117 6.8 -6.0
3118 7.2 -6.0
3119 7.6 -6.0
3120 8.0 -6.0
3121 8.4 -6.0
3122 8.8 -6.0
3123 9.2 -6.0
3124 9.6 -6.0
3125 10.0 -6.0
3126 10.4 -6.0
3127 10.8 -6.0
3128 11.2 -6.0
3129 11.6 -6.0
3130 12.0 -6.0
3131 12.4 -6.0
3132 12.8 -6.0
3133 13.2 -6.0
3134 -0.4 -6.0
3135 -0.8 -6.0
3136 -1.2 -6.0
3137 -1.6 -6.0
3138 -2.0 -6.0
3139 -2.4 -6.0
3140 -2.8 -6.0
3141 -3.2 -6.0
3142 -3.6 -6.0
3143 -4.0 -6.0
3144 -4.4 -6.0
3145 -4.8 -6.0
3146 -5.2 -6.0
3147 -5.6 -6.0
3148 -6.0 -6.0
3149 -6.4 -6.0
3150 -6.8 -6.0
3151 -7.2 -6.0
3152 -7.6 -6.0
3153 -8.0 -6.0
3154 -8.4 -6.0
3155 -8.8 -6.0
3156 -9.2 -6.0
3157 -9.6 -6.0
3158 -10.0 -6.0
3159 -10.4 -6.0
3160 -10.8 -6.0
3161 -11.2 -6.0
3162 -11.6 -6.0
3163 -12.0 -6.0
3164 -12.4 -6.0
3165 -12.8 -6.0
3166 -13.2 -6.0
3167 0 -6.4
3168 0.4 -6.4
3169 0.8 -6.4
3170 1.2 -6.4
3171 1.6 -6.4
3172 2.0 -6.4
3173 2.4 -6.4
3174 2.8 -6.4
3175 3.2 -6.4
3176 3.6 -6.4
3177 4.0 -6.4
3178 4.4 -6.4
3179 4.8 -6.4
3180 5.2 -6.4
3181 5.6 -6.4
3182 6.0 -6.4
3183 6.4 -6.4
3184 6.8 -6.4
3185 7.2 -6.4
3186 7.6 -6.4
3187 8.0 -6.4
3188 8.4 -6.4
3189 8.8 -6.4
3190 9.2 -6.4
3191 9.6 -6.4
3192 10.0 -6.4
3193 10.4 -6.4
3194 10.8 -6.4
3195 11.2 -6.4
3196 11.6 -6.4
3197 12.0 -6.4
3198 12.4 -6.4
3199 12.8 -6.4
3200 -0.4 -6.4
3201 -0.8 -6.4
3202 -1.2 -6.4
3203 -1.6 -6.4
3204 -2.0 -6.4
3205 -2.4 -6.4
3206 -2.8 -6.4
3207 -3.2 -6.4
3208 -3.6 -6.4
3209 -4.0 -6.4
3210 -4.4 -6.4
3211 -4.8 -6.4
3212 -5.2 -6.4
3213 -5.6 -6.4
3214 -6.0 -6.4
3215 -6.4 -6.4
3216 -6.8 -6.4
3217 -7.2 -6.4
3218 -7.6 -6.4
3219 -8.0 -6.4
3220 -8.4 -6.4
3221 -8.8 -6.4
3222 -9.2 -6.4
3223 -9.6 -6.4
3224 -10.0 -6.4
3225 -10.4 -6.4
3226 -10.8 -6.4
3227 -11.2 -6.4
3228 -11.6 -6.4
3229 -12.0 -6.4
3230 -12.4 -6.4
3231 -12.8 -6.4
3232 0 -6.8
3233 0.4 -6.8
3234 0.8 -6.8
3235 1.2 -6.8
3236 1.6 -6.8
3237 2.0 -6.8
3238 2.4 -6.8
3239 2.8 -6.8
3240 3.2 -6.8
3241 3.6 -6.8
3242 4.0 -6.8
3243 4.4 -6.8
3244 4.8 -6.8
3245 5.2 -6.8
3246 5.6 -6.8
3247 6.0 -6.8
3248 6.4 -6.8
3249 6.8 -6.8
3250 7.2 -6.8
3251 7.6 -6.8
3252 8.0 -6.8
3253 8.4 -6.8
3254 8.8 -6.8
3255 9.2 -6.8
3256 9.6 -6.8
3257 10.0 -6.8
3258 10.4 -6.8
3259 10.8 -6.8
3260 11.2 -6.8
3261 11.6 -6.8
3262 12.0 -6.8
3263 12.4 -6.8
3264 12.8 -6.8
3265 -0.4 -6.8
3266 -0.8 -6.8
3267 -1.2 -6.8
3268 -1.6 -6.8
3269 -2.0 -6.8
3270 -2.4 -6.8
3271 -2.8 -6.8
3272 -3.2 -6.8
3273 -3.6 -6.8
3274 -4.0 -6.8
3275 -4.4 -6.8
3276 -4.8 -6.8
3277 -5.2 -6.8
3278 -5.6 -6.8
3279 -6.0 -6.8
3280 -6.4 -6.8
3281 -6.8 -6.8
3282 -7.2 -6.8
3283 -7.6 -6.8
3284 -8.0 -6.8
3285 -8.4 -6.8
3286 -8.8 -6.8
3287 -9.2 -6.8
3288 -9.6 -6.8
3289 -10.0 -6.8
3290 -10.4 -6.8
3291 -10.8 -6.8
3292 -11.2 -6.8
3293 -11.6 -6.8
3294 -12.0 -6.8
3295 -12.4 -6.8
3296 -12.8 -6.8
3297 0 -7.2
3298 0.4 -7.2
3299 0.8 -7.2
3300 1.2 -7.2
3301 1.6 -7.2
3302 2.0 -7.2
3303 2.4 -7.2
3304 2.8 -7.2
3305 3.2 -7.2
3306 3.6 -7.2
3307 4.0 -7.2
3308 4.4 -7.2
3309 4.8 -7.2
3310 5.2 -7.2
3311 5.6 -7.2
3312 6.0 -7.2
3313 6.4 -7.2
3314 6.8 -7.2
3315 7.2 -7.2
3316 7.6 -7.2
3317 8.0 -7.2
3318 8.4 -7.2
3319 8.8 -7.2
3320 9.2 -7.2
3321 9.6 -7.2
3322 10.0 -7.2
3323 10.4 -7.2
3324 10.8 -7.2
3325 11.2 -7.2
3326 11.6 -7.2
3327 12.0 -7.2
3328 12.4 -7.2
3329 -0.4 -7.2
3330 -0.8 -7.2
3331 -1.2 -7.2
3332 -1.6 -7.2
3333 -2.0 -7.2
3334 -2.4 -7.2
3335 -2.8 -7.2
3336 -3.2 -7.2
3337 -3.6 -7.2
3338 -4.0 -7.2
3339 -4.4 -7.2
3340 -4.8 -7.2
3341 -5.2 -7.2
3342 -5.6 -7.2
3343 -6.0 -7.2
3344 -6.4 -7.2
3345 -6.8 -7.2
3346 -7.2 -7.2
3347 -7.6 -7.2
3348 -8.0 -7.2
3349 -8.4 -7.2
3350 -8.8 -7.2
3351 -9.2 -7.2
3352 -9.6 -7.2
3353 -10.0 -7.2
3354 -10.4 -7.2
3355 -10.8 -7.2
3356 -11.2 -7.2
3357 -11.6 -7.2
3358 -12.0 -7.2
3359 -12.4 -7.2
3360 0 -7.6
3361 0.4 -7.6
3362 0.8 -7.6
3363 1.2 -7.6
3364 1.6 -7.6
3365 2.0 -7.6
3366 2.4 -7.6
3367 2.8 -7.6
3368 3.2 -7.6
3369 3.6 -7.6
3370 4.0 -7.6
3371 4.4 -7.6
3372 4.8 -7.6
3373 5.2 -7.6
3374 5.6 -7.6
3375 6.0 -7.6
3376 6.4 -7.6
3377 6.8 -7.6
3378 7.2 -7.6
3379 7.6 -7.6
3380 8.0 -7.6
3381 8.4 -7.6
3382 8.8 -7.6
3383 9.2 -7.6
3384 9.6 -7.6
3385 10.0 -7.6
3386 10.4 -7.6
3387 10.8 -7.6
3388 11.2 -7.6
3389 11.6 -7.6
3390 12.0 -7.6
3391 -0.4 -7.6
3392 -0.8 -7.6
3393 -1.2 -7.6
3394 -1.6 -7.6
3395 -2.0 -7.6
3396 -2.4 -7.6
3397 -2.8 -7.6
3398 -3.2 -7.6
3399 -3.6 -7.6
3400 -4.0 -7.6
3401 -4.4 -7.6
3402 -4.8 -7.6
3403 -5.2 -7.6
3404 -5.6 -7.6
3405 -6.0 -7.6
3406 -6.4 -7.6
3407 -6.8 -7.6
3408 -7.2 -7.6
3409 -7.6 -7.6
3410 -8.0 -7.6
3411 -8.4 -7.6
3412 -8.8 -7.6
3413 -9.2 -7.6
3414 -9.6 -7.6
3415 -10.0 -7.6
3416 -10.4 -7.6
3417 -10.8 -7.6
3418 -11.2 -7.6
3419 -11.6 -7.6
3420 -12.0 -7.6
3421 0 -8.0
3422 0.4 -8.0
3423 0.8 -8.0
3424 1.2 -8.0
3425 1.6 -8.0
3426 2.0 -8.0
3427 2.4 -8.0
3428 2.8 -8.0
3429 3.2 -8.0
3430 3.6 -8.0
3431 4.0 -8.0
3432 4.4 -8.0
3433 4.8 -8.0
3434 5.2 -8.0
3435 5.6 -8.0
3436 6.0 -8.0
3437 6.4 -8.0
3438 6.8 -8.0
3439 7.2 -8.0
3440 7.6 -8.0
3441 8.0 -8.0
3442 8.4 -8.0
3443 8.8 -8.0
3444 9.2 -8.0
3445 9.6 -8.0
3446 10.0 -8.0
3447 10.4 -8.0
3448 10.8 -8.0
3449 11.2 -8.0
3450 11.6 -8.0
3451 12.0 -8.0
3452 -0.4 -8.0
3453 -0.8 -8.0
3454 -1.2 -8.0
3455 -1.6 -8.0
3456 -2.0 -8.0
3457 -2.4 -8.0
3458 -2.8 -8.0
3459 -3.2 -8.0
3460 -3.6 -8.0
3461 -4.0 -8.0
3462 -4.4 -8.0
3463 -4.8 -8.0
3464 -5.2 -8.0
3465 -5.6 -8.0
3466 -6.0 -8.0
3467 -6.4 -8.0
3468 -6.8 -8.0
3469 -7.2 -8.0
3470 -7.6 -8.0
3471 -8.0 -8.0
3472 -8.4 -8.0
3473 -8.8 -8.0
3474 -9.2 -8.0
3475 -9.6 -8.0
3476 -10.0 -8.0
3477 -10.4 -8.0
3478 -10.8 -8.0
3479 -11.2 -8.0
3480 -11.6 -8.0
3481 -12.0 -8.0
3482 0 -8.4
3483 0.4 -8.4
3484 0.8 -8.4
3485 1.2 -8.4
3486 1.6 -8.4
3487 2.0 -8.4
3488 2.4 -8.4
3489 2.8 -8.4
3490 3.2 -8.4
3491 3.6 -8.4
3492 4.0 -8.4
3493 4.4 -8.4
3494 4.8 -8.4
3495 5.2 -8.4
3496 5.6 -8.4
3497 6.0 -8.4
3498 6.4 -8.4
3499 6.8 -8.4
3500 7.2 -8.4
3501 7.6 -8.4
3502 8.0 -8.4
3503 8.4 -8.4
3504 8.8 -8.4
3505 9.2 -8.4
3506 9.6 -8.4
3507 10.0 -8.4
3508 10.4 -8.4
3509 10.8 -8.4
3510 11.2 -8.4
3511 11.6 -8.4
3512 -0.4 -8.4
3513 -0.8 -8.4
3514 -1.2 -8.4
3515 -1.6 -8.4
3516 -2.0 -8.4
3517 -2.4 -8.4
3518 -2.8 -8.4
3519 -3.2 -8.4
3520 -3.6 -8.4
3521 -4.0 -8.4
3522 -4.4 -8.4
3523 -4.8 -8.4
3524 -5.2 -8.4
3525 -5.6 -8.4
3526 -6.0 -8.4
3527 -6.4 -8.4
3528 -6.8 -8.4
3529 -7.2 -8.4
3530 -7.6 -8.4
3531 -8.0 -8.4
3532 -8.4 -8.4
3533 -8.8 -8.4
3534 -9.2 -8.4
3535 -9.6 -8.4
3536 -10.0 -8.4
3537 -10.4 -8.4
3538 -10.8 -8.4
3539 -11.2 -8.4
3540 -11.6 -8.4
3541 0 -8.8
3542 0.4 -8.8
3543 0.8 -8.8
3544 1.2 -8.8
3545 1.6 -8.8
3546 2.0 -8.8
3547 2.4 -8.8
3548 2.8 -8.8
3549 3.2 -8.8
3550 3.6 -8.8
3551 4.0 -8.8
3552 4.4 -8.8
3553 4.8 -8.8
3554 5.2 -8.8
3555 5.6 -8.8
3556 6.0 -8.8
3557 6.4 -8.8
3558 6.8 -8.8
3559 7.2 -8.8
3560 7.6 -8.8
3561 8.0 -8.8
3562 8.4 -8.8
3563 8.8 -8.8
3564 9.2 -8.8
3565 9.6 -8.8
3566 10.0 -8.8
3567 10.4 -8.8
3568 10.8 -8.8
3569 11.2 -8.8
3570 -0.4 -8.8
3571 -0.8 -8.8
3572 -1.2 -8.8
3573 -1.6 -8.8
3574 -2.0 -8.8
3575 -2.4 -8.8
3576 -2.8 -8.8
3577 -3.2 -8.8
3578 -3.6 -8.8
3579 -4.0 -8.8
3580 -4.4 -8.8
3581 -4.8 -8.8
3582 -5.2 -8.8
3583 -5.6 -8.8
3584 -6.0 -8.8
3585 -6.4 -8.8
3586 -6.8 -8.8
3587 -7.2 -8.8
3588 -7.6 -8.8
3589 -8.0 -8.8
3590 -8.4 -8.8
3591 -8.8 -8.8
3592 -9.2 -8.8
3593 -9.6 -8.8
3594 -10.0 -8.8
3595 -10.4 -8.8
3596 -10.8 -8.8
3597 -11.2 -8.8
3598 0 -9.2
3599 0.4 -9.2
3600 0.8 -9.2
3601 1.2 -9.2
3602 1.6 -9.2
3603 2.0 -9.2
3604 2.4 -9.2
3605 2.8 -9.2
3606 3.2 -9.2
3607 3.6 -9.2
3608 4.0 -9.2
3609 4.4 -9.2
3610 4.8 -9.2
3611 5.2 -9.2
3612 5.6 -9.2
3613 6.0 -9.2
3614 6.4 -9.2
3615 6.8 -9.2
3616 7.2 -9.2
3617 7.6 -9.2
3618 8.0 -9.2
3619 8.4 -9.2
3620 8.8 -9.2
3621 9.2 -9.2
3622 9.6 -9.2
3623 10.0 -9.2
3624 10.4 -9.2
3625 10.8 -9.2
3626 11.2 -9.2
3627 -0.4 -9.2
3628 -0.8 -9.2
3629 -1.2 -9.2
3630 -1.6 -9.2
3631 -2.0 -9.2
3632 -2.4 -9.2
3633 -2.8 -9.2
3634 -3.2 -9.2
3635 -3.6 -9.2
3636 -4.0 -9.2
3637 -4.4 -9.2
3638 -4.8 -9.2
3639 -5.2 -9.2
3640 -5.6 -9.2
3641 -6.0 -9.2
3642 -6.4 -9.2
3643 -6.8 -9.2
3644 -7.2 -9.2
3645 -7.6 -9.2
3646 -8.0 -9.2
3647 -8.4 -9.2
3648 -8.8 -9.2
3649 -9.2 -9.2
3650 -9.6 -9.2
3651 -10.0 -9.2
3652 -10.4 -9.2
3653 -10.8 -9.2
3654 -11.2 -9.2
3655 0 -9.6
3656 0.4 -9.6
3657 0.8 -9.6
3658 1.2 -9.6
3659 1.6 -9.6
3660 2.0 -9.6
3661 2.4 -9.6
3662 2.8 -9.6
3663 3.2 -9.6
3664 3.6 -9.6
3665 4.0 -9.6
3666 4.4 -9.6
3667 4.8 -9.6
3668 5.2 -9.6
3669 5.6 -9.6
3670 6.0 -9.6
3671 6.4 -9.6
3672 6.8 -9.6
3673 7.2 -9.6
3674 7.6 -9.6
3675 8.0 -9.6
3676 8.4 -9.6
3677 8.8 -9.6
3678 9.2 -9.6
3679 9.6 -9.6
3680 10.0 -9.6
3681 10.4 -9.6
3682 10.8 -9.6
3683 -0.4 -9.6
3684 -0.8 -9.6
3685 -1.2 -9.6
3686 -1.6 -9.6
3687 -2.0 -9.6
3688 -2.4 -9.6
3689 -2.8 -9.6
3690 -3.2 -9.6
3691 -3.6 -9.6
3692 -4.0 -9.6
3693 -4.4 -9.6
3694 -4.8 -9.6
3695 -5.2 -9.6
3696 -5.6 -9.6
3697 -6.0 -9.6
3698 -6.4 -9.6
3699 -6.8 -9.6
3700 -7.2 -9.6
3701 -7.6 -9.6
3702 -8.0 -9.6
3703 -8.4 -9.6
3704 -8.8 -9.6
3705 -9.2 -9.6
3706 -9.6 -9.6
3707 -10.0 -9.6
3708 -10.4 -9.6
3709 -10.8 -9.6
3710 0 -10.0
3711 0.4 -10.0
3712 0.8 -10.0
3713 1.2 -10.0
3714 1.6 -10.0
3715 2.0 -10.0
3716 2.4 -10.0
3717 2.8 -10.0
3718 3.2 -10.0
3719 3.6 -10.0
3720 4.0 -10.0
3721 4.4 -10.0
3722 4.8 -10.0
3723 5.2 -10.0
3724 5.6 -10.0
3725 6.0 -10.0
3726 6.4 -10.0
3727 6.8 -10.0
3728 7.2 -10.0
3729 7.6 -10.0
3730 8.0 -10.0
3731 8.4 -10.0
3732 8.8 -10.0
3733 9.2 -10.0
3734 9.6 -10.0
3735 10.0 -10.0
3736 10.4 -10.0
3737 -0.4 -10.0
3738 -0.8 -10.0
3739 -1.2 -10.0
3740 -1.6 -10.0
3741 -2.0 -10.0
3742 -2.4 -10.0
3743 -2.8 -10.0
3744 -3.2 -10.0
3745 -3.6 -10.0
3746 -4.0 -10.0
3747 -4.4 -10.0
3748 -4.8 -10.0
3749 -5.2 -10.0
3750 -5.6 -10.0
3751 -6.0 -10.0
3752 -6.4 -10.0
3753 -6.8 -10.0
3754 -7.2 -10.0
3755 -7.6 -10.0
3756 -8.0 -10.0
3757 -8.4 -10.0
3758 -8.8 -10.0
3759 -9.2 -10.0
3760 -9.6 -10.0
3761 -10.0 -10.0
3762 -10.4 -10.0
3763 0 -10.4
3764 0.4 -10.4
3765 0.8 -10.4
3766 1.2 -10.4
3767 1.6 -10.4
3768 2.0 -10.4
3769 2.4 -10.4
3770 2.8 -10.4
3771 3.2 -10.4
3772 3.6 -10.4
3773 4.0 -10.4
3774 4.4 -10.4
3775 4.8 -10.4
3776 5.2 -10.4
3777 5.6 -10.4
3778 6.0 -10.4
3779 6.4 -10.4
3780 6.8 -10.4
3781 7.2 -10.4
3782 7.6 -10.4
3783 8.0 -10.4
3784 8.4 -10.4
3785 8.8 -10.4
3786 9.2 -10.4
3787 9.6 -10.4
3788 10.0 -10.4
3789 -0.4 -10.4
3790 -0.8 -10.4
3791 -1.2 -10.4
3792 -1.6 -10.4
3793 -2.0 -10.4
3794 -2.4 -10.4
3795 -2.8 -10.4
3796 -3.2 -10.4
3797 -3.6 -10.4
3798 -4.0 -10.4
3799 -4.4 -10.4
3800 -4.8 -10.4
3801 -5.2 -10.4
3802 -5.6 -10.4
3803 -6.0 -10.4
3804 -6.4 -10.4
3805 -6.8 -10.4
3806 -7.2 -10.4
3807 -7.6 -10.4
3808 -8.0 -10.4
3809 -8.4 -10.4
3810 -8.8 -10.4
3811 -9.2 -10.4
3812 -9.6 -10.4
3813 -10.0 -10.4
3814 0 -10.8
3815 0.4 -10.8
3816 0.8 -10.8
3817 1.2 -10.8
3818 1.6 -10.8
3819 2.0 -10.8
3820 2.4 -10.8
3821 2.8 -10.8
3822 3.2 -10.8
3823 3.6 -10.8
3824 4.0 -10.8
3825 4.4 -10.8
3826 4.8 -10.8
3827 5.2 -10.8
3828 5.6 -10.8
3829 6.0 -10.8
3830 6.4 -10.8
3831 6.8 -10.8
3832 7.2 -10.8
3833 7.6 -10.8
3834 8.0 -10.8
3835 8.4 -10.8
3836 8.8 -10.8
3837 9.2 -10.8
3838 9.6 -10.8
3839 -0.4 -10.8
3840 -0.8 -10.8
3841 -1.2 -10.8
3842 -1.6 -10.8
3843 -2.0 -10.8
3844 -2.4 -10.8
3845 -2.8 -10.8
3846 -3.2 -10.8
3847 -3.6 -10.8
3848 -4.0 -10.8
3849 -4.4 -10.8
3850 -4.8 -10.8
3851 -5.2 -10.8
3852 -5.6 -10.8
3853 -6.0 -10.8
3854 -6.4 -10.8
3855 -6.8 -10.8
3856 -7.2 -10.8
3857 -7.6 -10.8
3858 -8.0 -10.8
3859 -8.4 -10.8
3860 -8.8 -10.8
3861 -9.2 -10.8
3862 -9.6 -10.8
3863 0 -11.2
3864 0.4 -11.2
3865 0.8 -11.2
3866 1.2 -11.2
3867 1.6 -11.2
3868 2.0 -11.2
3869 2.4 -11.2
3870 2.8 -11.2
3871 3.2 -11.2
3872 3.6 -11.2
3873 4.0 -11.2
3874 4.4 -11.2
3875 4.8 -11.2
3876 5.2 -11.2
3877 5.6 -11.2
3878 6.0 -11.2
3879 6.4 -11.2
3880 6.8 -11.2
3881 7.2 -11.2
3882 7.6 -11.2
3883 8.0 -11.2
3884 8.4 -11.2
3885 8.8 -11.2
3886 9.2 -11.2
3887 -0.4 -11.2
3888 -0.8 -11.2
3889 -1.2 -11.2
3890 -1.6 -11.2
3891 -2.0 -11.2
3892 -2.4 -11.2
3893 -2.8 -11.2
3894 -3.2 -11.2
3895 -3.6 -11.2
3896 -4.0 -11.2
3897 -4.4 -11.2
3898 -4.8 -11.2
3899 -5.2 -11.2
3900 -5.6 -11.2
3901 -6.0 -11.2
3902 -6.4 -11.2
3903 -6.8 -11.2
3904 -7.2 -11.2
3905 -7.6 -11.2
3906 -8.0 -11.2
3907 -8.4 -11.2
3908 -8.8 -11.2
3909 -9.2 -11.2
3910 0 -11.6
3911 0.4 -11.6
3912 0.8 -11.6
3913 1.2 -11.6
3914 1.6 -11.6
3915 2.0 -11.6
3916 2.4 -11.6
3917 2.8 -11.6
3918 3.2 -11.6
3919 3.6 -11.6
3920 4.0 -11.6
3921 4.4 -11.6
3922 4.8 -11.6
3923 5.2 -11.6
3924 5.6 -11.6
3925 6.0 -11.6
3926 6.4 -11.6
3927 6.8 -11.6
3928 7.2 -11.6
3929 7.6 -11.6
3930 8.0 -11.6
3931 8.4 -11.6
3932 -0.4 -11.6
3933 -0.8 -11.6
3934 -1.2 -11.6
3935 -1.6 -11.6
3936 -2.0 -11.6
3937 -2.4 -11.6
3938 -2.8 -11.6
3939 -3.2 -11.6
3940 -3.6 -11.6
3941 -4.0 -11.6
3942 -4.4 -11.6
3943 -4.8 -11.6
3944 -5.2 -11.6
3945 -5.6 -11.6
3946 -6.0 -11.6
3947 -6.4 -11.6
3948 -6.8 -11.6
3949 -7.2 -11.6
3950 -7.6 -11.6
3951 -8.0 -11.6
3952 -8.4 -11.6
3953 0 -12.0
3954 0.4 -12.0
3955 0.8 -12.0
3956 1.2 -12.0
3957 1.6 -12.0
3958 2.0 -12.0
3959 2.4 -12.0
3960 2.8 -12.0
3961 3.2 -12.0
3962 3.6 -12.0
3963 4.0 -12.0
3964 4.4 -12.0
3965 4.8 -12.0
3966 5.2 -12.0
3967 5.6 -12.0
3968 6.0 -12.0
3969 6.4 -12.0
3970 6.8 -12.0
3971 7.2 -12.0
3972 7.6 -12.0
3973 8.0 -12.0
3974 -0.4 -12.0
3975 -0.8 -12.0
3976 -1.2 -12.0
3977 -1.6 -12.0
3978 -2.0 -12.0
3979 -2.4 -12.0
3980 -2.8 -12.0
3981 -3.2 -12.0
3982 -3.6 -12.0
3983 -4.0 -12.0
3984 -4.4 -12.0
3985 -4.8 -12.0
3986 -5.2 -12.0
3987 -5.6 -12.0
3988 -6.0 -12.0
3989 -6.4 -12.0
3990 -6.8 -12.0
3991 -7.2 -12.0
3992 -7.6 -12.0
3993 -8.0 -12.0
3994 0 -12.4
3995 0.4 -12.4
3996 0.8 -12.4
3997 1.2 -12.4
3998 1.6 -12.4
3999 2.0 -12.4
4000 2.4 -12.4
4001 2.8 -12.4
4002 3.2 -12.4
4003 3.6 -12.4
4004 4.0 -12.4
4005 4.4 -12.4
4006 4.8 -12.4
4007 5.2 -12.4
4008 5.6 -12.4
4009 6.0 -12.4
4010 6.4 -12.4
4011 6.8 -12.4
4012 7.2 -12.4
4013 -0.4 -12.4
4014 -0.8 -12.4
4015 -1.2 -12.4
4016 -1.6 -12.4
4017 -2.0 -12.4
4018 -2.4 -12.4
4019 -2.8 -12.4
4020 -3.2 -12.4
4021 -3.6 -12.4
4022 -4.0 -12.4
4023 -4.4 -12.4
4024 -4.8 -12.4
4025 -5.2 -12.4
4026 -5.6 -12.4
4027 -6.0 -12.4
4028 -6.4 -12.4
4029 -6.8 -12.4
4030 -7.2 -12.4
4031 0 -12.8
4032 0.4 -12.8
4033 0.8 -12.8
4034 1.2 -12.8
4035 1.6 -12.8
4036 2.0 -12.8
4037 2.4 -12.8
4038 2.8 -12.8
4039 3.2 -12.8
4040 3.6 -12.8
4041 4.0 -12.8
4042 4.4 -12.8
4043 4.8 -12.8
4044 5.2 -12.8
4045 5.6 -12.8
4046 6.0 -12.8
4047 6.4 -12.8
4048 6.8 -12.8
4049 -0.4 -12.8
4050 -0.8 -12.8
4051 -1.2 -12.8
4052 -1.6 -12.8
4053 -2.0 -12.8
4054 -2.4 -12.8
4055 -2.8 -12.8
4056 -3.2 -12.8
4057 -3.6 -12.8
4058 -4.0 -12.8
4059 -4.4 -12.8
4060 -4.8 -12.8
4061 -5.2 -12.8
4062 -5.6 -12.8
4063 -6.0 -12.8
4064 -6.4 -12.8
4065 -6.8 -12.8
4066 0 -13.2
4067 0.4 -13.2
4068 0.8 -13.2
4069 1.2 -13.2
4070 1.6 -13.2
4071 2.0 -13.2
4072 2.4 -13.2
4073 2.8 -13.2
4074 3.2 -13.2
4075 3.6 -13.2
4076 4.0 -13.2
4077 4.4 -13.2
4078 4.8 -13.2
4079 5.2 -13.2
4080 5.6 -13.2
4081 6.0 -13.2
4082 -0.4 -13.2
4083 -0.8 -13.2
4084 -1.2 -13.2
4085 -1.6 -13.2
4086 -2.0 -13.2
4087 -2.4 -13.2
4088 -2.8 -13.2
4089 -3.2 -13.2
4090 -3.6 -13.2
4091 -4.0 -13.2
4092 -4.4 -13.2
4093 -4.8 -13.2
4094 -5.2 -13.2
4095 -5.6 -13.2
4096 -6.0 -13.2
4097 0 -13.6
4098 0.4 -13.6
4099 0.8 -13.6
4100 1.2 -13.6
4101 1.6 -13.6
4102 2.0 -13.6
4103 2.4 -13.6
4104 2.8 -13.6
4105 3.2 -13.6
4106 3.6 -13.6
4107 4.0 -13.6
4108 4.4 -13.6
4109 4.8 -13.6
4110 -0.4 -13.6
4111 -0.8 -13.6
4112 -1.2 -13.6
4113 -1.6 -13.6
4114 -2.0 -13.6
4115 -2.4 -13.6
4116 -2.8 -13.6
4117 -3.2 -13.6
4118 -3.6 -13.6
4119 -4.0 -13.6
4120 -4.4 -13.6
4121 -4.8 -13.6
4122 0 -14.0
4123 0.4 -14.0
4124 0.8 -14.0
4125 1.2 -14.0
4126 1.6 -14.0
4127 2.0 -14.0
4128 2.4 -14.0
4129 2.8 -14.0
4130 3.2 -14.0
4131 3.6 -14.0
4132 -0.4 -14.0
4133 -0.8 -14.0
4134 -1.2 -14.0
4135 -1.6 -14.0
4136 -2.0 -14.0
4137 -2.4 -14.0
4138 -2.8 -14.0
4139 -3.2 -14.0
4140 -3.6 -14.0
4141 0 -14.4
4142 0.4 -14.4
4143 0.8 -14.4
4144 1.2 -14.4
4145 1.6 -14.4
4146 -0.4 -14.4
4147 -0.8 -14.4
4148 -1.2 -14.4
4149 -1.6 -14.4
