pixelID x y
1 0 0
2 1.0 0
3 2.0 0
4 3.0 0
5 4.0 0
6 5.0 0
7 6.0 0
8 7.0 0
9 8.0 0
10 9.0 0
11 10.0 0
12 11.0 0
13 12.0 0
14 13.0 0
15 14.0 0
16 -1.0 0
17 -2.0 0
18 -3.0 0
19 -4.0 0
20 -5.0 0
21 -6.0 0
22 -7.0 0
23 -8.0 0
24 -9.0 0
25 -10.0 0
26 -11.0 0
27 -12.0 0
28 -13.0 0
29 -14.0 0
30 0 1.0
31 1.0 1.0
32 2.0 1.0
33 3.0 1.0
34 4.0 1.0
35 5.0 1.0
36 6.0 1.0
37 7.0 1.0
38 8.0 1.0
39 9.0 1.0
40 10.0 1.0
41 11.0 1.0
42 12.0 1.0
43 13.0 1.0
44 14.0 1.0
45 -1.0 1.0
46 -2.0 1.0
47 -3.0 1.0
48 -4.0 1.0
49 -5.0 1.0
50 -6.0 1.0
51 -7.0 1.0
52 -8.0 1.0
53 -9.0 1.0
54 -10.0 1.0
55 -11.0 1.0
56 -12.0 1.0
57 -13.0 1.0
58 -14.0 1.0
59 0 2.0
60 1.0 2.0
61 2.0 2.0
62 3.0 2.0
63 4.0 2.0
64 5.0 2.0
65 6.0 2.0
66 7.0 2.0
67 8.0 2.0
68 9.0 2.0
69 10.0 2.0
70 11.0 2.0
71 12.0 2.0
72 13.0 2.0
73 14.0 2.0
74 -1.0 2.0
75 -2.0 2.0
76 -3.0 2.0
77 -4.0 2.0
78 -5.0 2.0
79 -6.0 2.0
80 -7.0 2.0
81 -8.0 2.0
82 -9.0 2.0
83 -10.0 2.0
84 -11.0 2.0
85 -12.0 2.0
86 -13.0 2.0
87 -14.0 2.0
88 0 3.0
89 1.0 3.0
90 2.0 3.0
91 3.0 3.0
92 4.0 3.0
93 5.0 3.0
94 6.0 3.0
95 7.0 3.0
96 8.0 3.0
97 9.0 3.0
98 10.0 3.0
99 11.0 3.0
100 12.0 3.0
101 13.0 3.0
102 14.0 3.0
103 -1.0 3.0
104 -2.0 3.0
105 -3.0 3.0
106 -4.0 3.0
107 -5.0 3.0
108 -6.0 3.0
109 -7.0 3.0
110 -8.0 3.0
111 -9.0 3.0
112 -10.0 3.0
113 -11.0 3.0
114 -12.0 3.0
115 -13.0 3.0
116 -14.0 3.0
117 0 4.0
118 1.0 4.0
119 2.0 4.0
120 3.0 4.0
121 4.0 4.0
122 5.0 4.0
123 6.0 4.0
124 7.0 4.0
125 8.0 4.0
126 9.0 4.0
127 10.0 4.0
128 11.0 4.0
129 12.0 4.0
130 13.0 4.0
131 -1.0 4.0
132 -2.0 4.0
133 -3.0 4.0
134 -4.0 4.0
135 -5.0 4.0
136 -6.0 4.0
137 -7.0 4.0
138 -8.0 4.0
139 -9.0 4.0
140 -10.0 4.0
141 -11.0 4.0
142 -12.0 4.0
143 -13.0 4.0
144 0 5.0
145 1.0 5.0
146 2.0 5.0
147 3.0 5.0
148 4.0 5.0
149 5.0 5.0
150 6.0 5.0
151 7.0 5.0
152 8.0 5.0
153 9.0 5.0
154 10.0 5.0
155 11.0 5.0
156 12.0 5.0
157 13.0 5.0
158 -1.0 5.0
159 -2.0 5.0
160 -3.0 5.0
161 -4.0 5.0
162 -5.0 5.0
163 -6.0 5.0
164 -7.0 5.0
165 -8.0 5.0
166 -9.0 5.0
167 -10.0 5.0
168 -11.0 5.0
169 -12.0 5.0
170 -13.0 5.0
171 0 6.0
172 1.0 6.0
173 2.0 6.0
174 3.0 6.0
175 4.0 6.0
176 5.0 6.0
177 6.0 6.0
178 7.0 6.0
179 8.0 6.0
180 9.0 6.0
181 10.0 6.0
182 11.0 6.0
183 12.0 6.0
184 13.0 6.0
185 -1.0 6.0
186 -2.0 6.0
187 -3.0 6.0
188 -4.0 6.0
189 -5.0 6.0
190 -6.0 6.0
191 -7.0 6.0
192 -8.0 6.0
193 -9.0 6.0
194 -10.0 6.0
195 -11.0 6.0
196 -12.0 6.0
197 -13.0 6.0
198 0 7.0
199 1.0 7.0
200 2.0 7.0
201 3.0 7.0
202 4.0 7.0
203 5.0 7.0
204 6.0 7.0
205 7.0 7.0
206 8.0 7.0
207 9.0 7.0
208 10.0 7.0
209 11.0 7.0
210 12.0 7.0
211 -1.0 7.0
212 -2.0 7.0
213 -3.0 7.0
214 -4.0 7.0
215 -5.0 7.0
216 -6.0 7.0
217 -7.0 7.0
218 -8.0 7.0
219 -9.0 7.0
220 -10.0 7.0
221 -11.0 7.0
222 -12.0 7.0
223 0 8.0
224 1.0 8.0
225 2.0 8.0
226 3.0 8.0
227 4.0 8.0
228 5.0 8.0
229 6.0 8.0
230 7.0 8.0
231 8.0 8.0
232 9.0 8.0
233 10.0 8.0
234 11.0 8.0
235 12.0 8.0
236 -1.0 8.0
237 -2.0 8.0
238 -3.0 8.0
239 -4.0 8.0
240 -5.0 8.0
241 -6.0 8.0
242 -7.0 8.0
243 -8.0 8.0
244 -9.0 8.0
245 -10.0 8.0
246 -11.0 8.0
247 -12.0 8.0
248 0 9.0
249 1.0 9.0
250 2.0 9.0
251 3.0 9.0
252 4.0 9.0
253 5.0 9.0
254 6.0 9.0
255 7.0 9.0
256 8.0 9.0
257 9.0 9.0
258 10.0 9.0
259 11.0 9.0
260 -1.0 9.0
261 -2.0 9.0
262 -3.0 9.0
263 -4.0 9.0
264 -5.0 9.0
265 -6.0 9.0
266 -7.0 9.0
267 -8.0 9.0
268 -9.0 9.0
269 -10.0 9.0
270 -11.0 9.0
271 0 10.0
272 1.0 10.0
273 2.0 10.0
274 3.0 10.0
275 4.0 10.0
276 5.0 10.0
277 6.0 10.0
278 7.0 10.0
279 8.0 10.0
280 9.0 10.0
281 10.0 10.0
282 -1.0 10.0
283 -2.0 10.0
284 -3.0 10.0
285 -4.0 10.0
286 -5.0 10.0
287 -6.0 10.0
288 -7.0 10.0
289 -8.0 10.0
290 -9.0 10.0
291 -10.0 10.0
292 0 11.0
293 1.0 11.0
294 2.0 11.0
295 3.0 11.0
296 4.0 11.0
297 5.0 11.0
298 6.0 11.0
299 7.0 11.0
300 8.0 11.0
301 9.0 11.0
302 -1.0 11.0
303 -2.0 11.0
304 -3.0 11.0
305 -4.0 11.0
306 -5.0 11.0
307 -6.0 11.0
308 -7.0 11.0
309 -8.0 11.0
310 -9.0 11.0
311 0 12.0
312 1.0 12.0
313 2.0 12.0
314 3.0 12.0
315 4.0 12.0
316 5.0 12.0
317 6.0 12.0
318 7.0 12.0
319 8.0 12.0
320 -1.0 12.0
321 -2.0 12.0
322 -3.0 12.0
323 -4.0 12.0
324 -5.0 12.0
325 -6.0 12.0
326 -7.0 12.0
327 -8.0 12.0
328 0 13.0
329 1.0 13.0
330 2.0 13.0
331 3.0 13.0
332 4.0 13.0
333 5.0 13.0
334 6.0 13.0
335 -1.0 13.0
336 -2.0 13.0
337 -3.0 13.0
338 -4.0 13.0
339 -5.0 13.0
340 -6.0 13.0
341 0 14.0
342 1.0 14.0
343 2.0 14.0
344 3.0 14.0
345 -1.0 14.0
346 -2.0 14.0
347 -3.0 14.0
348 0 -1.0
349 1.0 -1.0
350 2.0 -1.0
351 3.0 -1.0
352 4.0 -1.0
353 5.0 -1.0
354 6.0 -1.0
355 7.0 -1.0
356 8.0 -1.0
357 9.0 -1.0
358 10.0 -1.0
359 11.0 -1.0
360 12.0 -1.0
361 13.0 -1.0
362 14.0 -1.0
363 -1.0 -1.0
364 -2.0 -1.0
365 -3.0 -1.0
366 -4.0 -1.0
367 -5.0 -1.0
368 -6.0 -1.0
369 -7.0 -1.0
370 -8.0 -1.0
371 -9.0 -1.0
372 -10.0 -1.0
373 -11.0 -1.0
374 -12.0 -1.0
375 -13.0 -1.0
376 -14.0 -1.0
377 0 -2.0
378 1.0 -2.0
379 2.0 -2.0
380 3.0 -2.0
381 4.0 -2.0
382 5.0 -2.0
383 6.0 -2.0
384 7.0 -2.0
385 8.0 -2.0
386 9.0 -2.0
387 10.0 -2.0
388 11.0 -2.0
389 12.0 -2.0
390 13.0 -2.0
391 14.0 -2.0
392 -1.0 -2.0
393 -2.0 -2.0
394 -3.0 -2.0
395 -4.0 -2.0
396 -5.0 -2.0
397 -6.0 -2.0
398 -7.0 -2.0
399 -8.0 -2.0
400 -9.0 -2.0
401 -10.0 -2.0
402 -11.0 -2.0
403 -12.0 -2.0
404 -13.0 -2.0
405 -14.0 -2.0
406 0 -3.0
407 1.0 -3.0
408 2.0 -3.0
409 3.0 -3.0
410 4.0 -3.0
411 5.0 -3.0
412 6.0 -3.0
413 7.0 -3.0
414 8.0 -3.0
415 9.0 -3.0
416 10.0 -3.0
417 11.0 -3.0
418 12.0 -3.0
419 13.0 -3.0
420 14.0 -3.0
421 -1.0 -3.0
422 -2.0 -3.0
423 -3.0 -3.0
424 -4.0 -3.0
425 -5.0 -3.0
426 -6.0 -3.0
427 -7.0 -3.0
428 -8.0 -3.0
429 -9.0 -3.0
430 -10.0 -3.0
431 -11.0 -3.0
432 -12.0 -3.0
433 -13.0 -3.0
434 -14.0 -3.0
435 0 -4.0
436 1.0 -4.0
437 2.0 -4.0
438 3.0 -4.0
439 4.0 -4.0
440 5.0 -4.0
441 6.0 -4.0
442 7.0 -4.0
443 8.0 -4.0
444 9.0 -4.0
445 10.0 -4.0
446 11.0 -4.0
447 12.0 -4.0
448 13.0 -4.0
449 -1.0 -4.0
450 -2.0 -4.0
451 -3.0 -4.0
452 -4.0 -4.0
453 -5.0 -4.0
454 -6.0 -4.0
455 -7.0 -4.0
456 -8.0 -4.0
457 -9.0 -4.0
458 -10.0 -4.0
459 -11.0 -4.0
460 -12.0 -4.0
461 -13.0 -4.0
462 0 -5.0
463 1.0 -5.0
464 2.0 -5.0
465 3.0 -5.0
466 4.0 -5.0
467 5.0 -5.0
468 6.0 -5.0
469 7.0 -5.0
470 8.0 -5.0
471 9.0 -5.0
472 10.0 -5.0
473 11.0 -5.0
474 12.0 -5.0
475 13.0 -5.0
476 -1.0 -5.0
477 -2.0 -5.0
478 -3.0 -5.0
479 -4.0 -5.0
480 -5.0 -5.0
481 -6.0 -5.0
482 -7.0 -5.0
483 -8.0 -5.0
484 -9.0 -5.0
485 -10.0 -5.0
486 -11.0 -5.0
487 -12.0 -5.0
488 -13.0 -5.0
489 0 -6.0
490 1.0 -6.0
491 2.0 -6.0
492 3.0 -6.0
493 4.0 -6.0
494 5.0 -6.0
495 6.0 -6.0
496 7.0 -6.0
497 8.0 -6.0
498 9.0 -6.0
499 10.0 -6.0
500 11.0 -6.0
501 12.0 -6.0
502 13.0 -6.0
503 -1.0 -6.0
504 -2.0 -6.0
505 -3.0 -6.0
506 -4.0 -6.0
507 -5.0 -6.0
508 -6.0 -6.0
509 -7.0 -6.0
510 -8.0 -6.0
511 -9.0 -6.0
512 -10.0 -6.0
513 -11.0 -6.0
514 -12.0 -6.0
515 -13.0 -6.0
516 0 -7.0
517 1.0 -7.0
518 2.0 -7.0
519 3.0 -7.0
520 4.0 -7.0
521 5.0 -7.0
522 6.0 -7.0
523 7.0 -7.0
524 8.0 -7.0
525 9.0 -7.0
526 10.0 -7.0
527 11.0 -7.0
528 12.0 -7.0
529 -1.0 -7.0
530 -2.0 -7.0
531 -3.0 -7.0
532 -4.0 -7.0
533 -5.0 -7.0
534 -6.0 -7.0
535 -7.0 -7.0
536 -8.0 -7.0
537 -9.0 -7.0
538 -10.0 -7.0
539 -11.0 -7.0
540 -12.0 -7.0
541 0 -8.0
542 1.0 -8.0
543 2.0 -8.0
544 3.0 -8.0
545 4.0 -8.0
546 5.0 -8.0
547 6.0 -8.0
548 7.0 -8.0
549 8.0 -8.0
550 9.0 -8.0
551 10.0 -8.0
552 11.0 -8.0
553 12.0 -8.0
554 -1.0 -8.0
555 -2.0 -8.0
556 -3.0 -8.0
557 -4.0 -8.0
558 -5.0 -8.0
559 -6.0 -8.0
560 -7.0 -8.0
561 -8.0 -8.0
562 -9.0 -8.0
563 -10.0 -8.0
564 -11.0 -8.0
565 -12.0 -8.0
566 0 -9.0
567 1.0 -9.0
568 2.0 -9.0
569 3.0 -9.0
570 4.0 -9.0
571 5.0 -9.0
572 6.0 -9.0
573 7.0 -9.0
574 8.0 -9.0
575 9.0 -9.0
576 10.0 -9.0
577 11.0 -9.0
578 -1.0 -9.0
579 -2.0 -9.0
580 -3.0 -9.0
581 -4.0 -9.0
582 -5.0 -9.0
583 -6.0 -9.0
584 -7.0 -9.0
585 -8.0 -9.0
586 -9.0 -9.0
587 -10.0 -9.0
588 -11.0 -9.0
589 0 -10.0
590 1.0 -10.0
591 2.0 -10.0
592 3.0 -10.0
593 4.0 -10.0
594 5.0 -10.0
595 6.0 -10.0
596 7.0 -10.0
597 8.0 -10.0
598 9.0 -10.0
599 10.0 -10.0
600 -1.0 -10.0
601 -2.0 -10.0
602 -3.0 -10.0
603 -4.0 -10.0
604 -5.0 -10.0
605 -6.0 -10.0
606 -7.0 -10.0
607 -8.0 -10.0
608 -9.0 -10.0
609 -10.0 -10.0
610 0 -11.0
611 1.0 -11.0
612 2.0 -11.0
613 3.0 -11.0
614 4.0 -11.0
615 5.0 -11.0
616 6.0 -11.0
617 7.0 -11.0
618 8.0 -11.0
619 9.0 -11.0
620 -1.0 -11.0
621 -2.0 -11.0
622 -3.0 -11.0
623 -4.0 -11.0
624 -5.0 -11.0
625 -6.0 -11.0
626 -7.0 -11.0
627 -8.0 -11.0
628 -9.0 -11.0
629 0 -12.0
630 1.0 -12.0
631 2.0 -12.0
632 3.0 -12.0
633 4.0 -12.0
634 5.0 -12.0
635 6.0 -12.0
636 7.0 -12.0
637 8.0 -12.0
638 -1.0 -12.0
639 -2.0 -12.0
640 -3.0 -12.0
641 -4.0 -12.0
642 -5.0 -12.0
643 -6.0 -12.0
644 -7.0 -12.0
645 -8.0 -12.0
646 0 -13.0
647 1.0 -13.0
648 2.0 -13.0
649 3.0 -13.0
650 4.0 -13.0
651 5.0 -13.0
652 6.0 -13.0
653 -1.0 -13.0
654 -2.0 -13.0
655 -3.0 -13.0
656 -4.0 -13.0
657 -5.0 -13.0
658 -6.0 -13.0
659 0 -14.0
660 1.0 -14.0
661 2.0 -14.0
662 3.0 -14.0
663 -1.0 -14.0
664 -2.0 -14.0
665 -3.0 -14.0
