pixelID mppcID probability
1 1 0.0004992
1 2 0.0005072
1 3 0.0004688
1 4 0.0005208
1 5 0.0004872
1 6 0.0005048
1 7 0.0004992
1 8 0.0005336
2 1 0.0005784
2 2 0.0005504
2 3 0.0004632
2 4 0.0004632
2 5 0.0004832
2 6 0.0004632
2 7 0.0005064
2 8 0.0005288
3 1 0.0006216
3 2 0.000528
3 3 0.0004944
3 4 0.0004696
3 5 0.000412
3 6 0.0004592
3 7 0.0005024
3 8 0.0005456
4 1 0.0006976
4 2 0.0006168
4 3 0.000476
4 4 0.0004616
4 5 0.0004448
4 6 0.000388
4 7 0.0005016
4 8 0.0005904
5 1 0.0007464
5 2 0.0006008
5 3 0.0004544
5 4 0.0004256
5 5 0.0003896
5 6 0.000388
5 7 0.0004552
5 8 0.0006296
6 1 0.000832
6 2 0.0005896
6 3 0.000468
6 4 0.0003712
6 5 0.0003704
6 6 0.000412
6 7 0.0004488
6 8 0.000624
7 1 0.0009096
7 2 0.0006248
7 3 0.0004392
7 4 0.0003744
7 5 0.00042
7 6 0.0003904
7 7 0.0004336
7 8 0.000612
8 1 0.0011368
8 2 0.000656
8 3 0.000424
8 4 0.0003944
8 5 0.000408
8 6 0.0003872
8 7 0.0004184
8 8 0.0006232
9 1 0.0012936
9 2 0.0006176
9 3 0.0004008
9 4 0.000408
9 5 0.0003704
9 6 0.0004224
9 7 0.0003888
9 8 0.0006672
10 1 0.0015864
10 2 0.0006032
10 3 0.00044
10 4 0.0005312
10 5 0.0004408
10 6 0.0004984
10 7 0.0004424
10 8 0.0006128
11 1 0.0019984
11 2 0.0006616
11 3 0.000468
11 4 0.00062
11 5 0.0006088
11 6 0.000656
11 7 0.0005384
11 8 0.000612
12 1 0.0028584
12 2 0.0006448
12 3 0.00064
12 4 0.0007456
12 5 0.0006992
12 6 0.000732
12 7 0.0006744
12 8 0.0006104
13 1 0.0040512
13 2 0.0006552
13 3 0.0008664
13 4 0.0008848
13 5 0.0008672
13 6 0.0008816
13 7 0.0008376
13 8 0.0006264
14 1 0.0070656
14 2 0.0006952
14 3 0.0010176
14 4 0.000892
14 5 0.0010488
14 6 0.000932
14 7 0.0010416
14 8 0.0007448
15 1 0.0178088
15 2 0.001036
15 3 0.0010424
15 4 0.001
15 5 0.0010336
15 6 0.0009856
15 7 0.001116
15 8 0.0010072
16 1 0.00048
16 2 0.0004712
16 3 0.0004784
16 4 0.0005184
16 5 0.0005152
16 6 0.000528
16 7 0.0004688
16 8 0.0004416
17 1 0.0004288
17 2 0.0004256
17 3 0.0005328
17 4 0.00052
17 5 0.0005936
17 6 0.00056
17 7 0.0004768
17 8 0.00046
18 1 0.000432
18 2 0.0003968
18 3 0.0005048
18 4 0.0006064
18 5 0.0006472
18 6 0.0005864
18 7 0.0004888
18 8 0.0004024
19 1 0.000408
19 2 0.0004088
19 3 0.0004528
19 4 0.0006176
19 5 0.0007016
19 6 0.0006256
19 7 0.0004696
19 8 0.0003792
20 1 0.0004056
20 2 0.0003872
20 3 0.0004504
20 4 0.0006168
20 5 0.0008528
20 6 0.00064
20 7 0.0004432
20 8 0.000376
21 1 0.0004056
21 2 0.0003648
21 3 0.0004408
21 4 0.0006168
21 5 0.0009392
21 6 0.0006472
21 7 0.0004088
21 8 0.0003808
22 1 0.0003952
22 2 0.000372
22 3 0.0004
22 4 0.0006672
22 5 0.0011288
22 6 0.0006456
22 7 0.0004288
22 8 0.0003968
23 1 0.0004136
23 2 0.0004296
23 3 0.0004048
23 4 0.0006808
23 5 0.0013224
23 6 0.0006408
23 7 0.000416
23 8 0.0003904
24 1 0.0004432
24 2 0.000544
24 3 0.0004352
24 4 0.0006168
24 5 0.0015384
24 6 0.0006464
24 7 0.0004368
24 8 0.0005112
25 1 0.0005424
25 2 0.0006768
25 3 0.0005232
25 4 0.0006504
25 5 0.0020256
25 6 0.0006552
25 7 0.0004952
25 8 0.0006992
26 1 0.0007368
26 2 0.000728
26 3 0.00068
26 4 0.0006232
26 5 0.0027088
26 6 0.0006272
26 7 0.0006528
26 8 0.00082
27 1 0.0008704
27 2 0.000872
27 3 0.0008168
27 4 0.000596
27 5 0.0040936
27 6 0.0006264
27 7 0.0008416
27 8 0.0008376
28 1 0.0009976
28 2 0.0008736
28 3 0.0010432
28 4 0.0007912
28 5 0.0069728
28 6 0.0007504
28 7 0.0010328
28 8 0.000928
29 1 0.0010752
29 2 0.0009912
29 3 0.0010736
29 4 0.001012
29 5 0.0181
29 6 0.001004
29 7 0.0011264
29 8 0.0009736
30 1 0.0004504
30 2 0.000536
30 3 0.0005672
30 4 0.0004952
30 5 0.0004632
30 6 0.0004784
30 7 0.0004288
30 8 0.0004992
31 1 0.0005024
31 2 0.0005536
31 3 0.000568
31 4 0.0004968
31 5 0.0004544
31 6 0.0004696
31 7 0.0004736
31 8 0.0005232
32 1 0.0006416
32 2 0.0005888
32 3 0.0005208
32 4 0.0004688
32 5 0.0004288
32 6 0.0004464
32 7 0.0004688
32 8 0.0005024
33 1 0.0006648
33 2 0.0006312
33 3 0.0005288
33 4 0.0004904
33 5 0.0003992
33 6 0.0004272
33 7 0.000444
33 8 0.0005032
34 1 0.0007224
34 2 0.0006776
34 3 0.000472
34 4 0.0004152
34 5 0.0003888
34 6 0.0004064
34 7 0.0004384
34 8 0.0006032
35 1 0.0007912
35 2 0.0007208
35 3 0.0005192
35 4 0.0004064
35 5 0.0003824
35 6 0.0004088
35 7 0.000468
35 8 0.0005632
36 1 0.0009552
36 2 0.000708
36 3 0.0003984
36 4 0.0003512
36 5 0.0003664
36 6 0.000376
36 7 0.0004256
36 8 0.0005608
37 1 0.001108
37 2 0.0007456
37 3 0.000408
37 4 0.0003864
37 5 0.000388
37 6 0.0004088
37 7 0.0004032
37 8 0.0005856
38 1 0.001316
38 2 0.0007712
38 3 0.000404
38 4 0.0004264
38 5 0.0004008
38 6 0.0004072
38 7 0.0003952
38 8 0.0005848
39 1 0.0015368
39 2 0.0006968
39 3 0.0004584
39 4 0.0005512
39 5 0.0004736
39 6 0.0005648
39 7 0.0004704
39 8 0.000596
40 1 0.001964
40 2 0.000684
40 3 0.0005168
40 4 0.0006496
40 5 0.0006512
40 6 0.0006552
40 7 0.000528
40 8 0.0005704
41 1 0.0025896
41 2 0.0006872
41 3 0.0006344
41 4 0.0007616
41 5 0.0006992
41 6 0.000828
41 7 0.0007192
41 8 0.000608
42 1 0.0034304
42 2 0.00064
42 3 0.0007936
42 4 0.0008736
42 5 0.000872
42 6 0.0008456
42 7 0.0009064
42 8 0.0006112
43 1 0.0048696
43 2 0.0007424
43 3 0.0010216
43 4 0.0008896
43 5 0.0010136
43 6 0.0008984
43 7 0.0010352
43 8 0.0007936
44 1 0.0041392
44 2 0.00096
44 3 0.0011448
44 4 0.000956
44 5 0.0011192
44 6 0.0009936
44 7 0.0011264
44 8 0.0010192
45 1 0.000468
45 2 0.0004872
45 3 0.0005544
45 4 0.0005768
45 5 0.0005496
45 6 0.0005312
45 7 0.0004608
45 8 0.0004408
46 1 0.0004424
46 2 0.000456
46 3 0.0005168
46 4 0.0005792
46 5 0.0005928
46 6 0.0005328
46 7 0.0004416
46 8 0.0004336
47 1 0.0004304
47 2 0.0004192
47 3 0.0005288
47 4 0.0006288
47 5 0.0006584
47 6 0.0005392
47 7 0.0004488
47 8 0.00042
48 1 0.000372
48 2 0.0003832
48 3 0.0004904
48 4 0.0006824
48 5 0.0007232
48 6 0.0005896
48 7 0.0004096
48 8 0.0004184
49 1 0.000396
49 2 0.0004048
49 3 0.00048
49 4 0.00074
49 5 0.00084
49 6 0.0005656
49 7 0.0004248
49 8 0.0004008
50 1 0.00038
50 2 0.0003784
50 3 0.0004672
50 4 0.0007512
50 5 0.0009096
50 6 0.0005624
50 7 0.000396
50 8 0.0003528
51 1 0.0003904
51 2 0.000368
51 3 0.0004368
51 4 0.0007136
51 5 0.0010416
51 6 0.00058
51 7 0.000404
51 8 0.0003832
52 1 0.0004232
52 2 0.0004168
52 3 0.0004368
52 4 0.0006768
52 5 0.0013072
52 6 0.000584
52 7 0.000396
52 8 0.0004376
53 1 0.0004656
53 2 0.000512
53 3 0.0004632
53 4 0.0007
53 5 0.0015784
53 6 0.000588
53 7 0.0004144
53 8 0.0005256
54 1 0.0006
54 2 0.0006456
54 3 0.0005104
54 4 0.0007016
54 5 0.0019304
54 6 0.0005824
54 7 0.0005496
54 8 0.0006528
55 1 0.0007072
55 2 0.000764
55 3 0.000644
55 4 0.0006912
55 5 0.0026184
55 6 0.0005648
55 7 0.0007192
55 8 0.0008048
56 1 0.0009416
56 2 0.0008984
56 3 0.0008824
56 4 0.0006456
56 5 0.0035968
56 6 0.0006456
56 7 0.0008848
56 8 0.0008264
57 1 0.000984
57 2 0.0009304
57 3 0.0010336
57 4 0.0007272
57 5 0.0048944
57 6 0.0007808
57 7 0.0010736
57 8 0.0009848
58 1 0.0010816
58 2 0.00102
58 3 0.0011736
58 4 0.0010128
58 5 0.0043128
58 6 0.0010632
58 7 0.0010888
58 8 0.0010056
59 1 0.0004616
59 2 0.0005608
59 3 0.0006232
59 4 0.0005472
59 5 0.0004824
59 6 0.0004536
59 7 0.0004248
59 8 0.0004216
60 1 0.0005392
60 2 0.0006088
60 3 0.000632
60 4 0.000496
60 5 0.0004816
60 6 0.0004016
60 7 0.0004408
60 8 0.0004864
61 1 0.0005768
61 2 0.0006264
61 3 0.0005776
61 4 0.0004624
61 5 0.0004184
61 6 0.0004304
61 7 0.0004256
61 8 0.000452
62 1 0.0006656
62 2 0.0006936
62 3 0.0005528
62 4 0.0004024
62 5 0.000408
62 6 0.0003768
62 7 0.0004376
62 8 0.0004856
63 1 0.0007104
63 2 0.000728
63 3 0.000528
63 4 0.0004344
63 5 0.0003656
63 6 0.000388
63 7 0.000376
63 8 0.0004984
64 1 0.0007808
64 2 0.0008376
64 3 0.0005344
64 4 0.000412
64 5 0.000416
64 6 0.000404
64 7 0.0003808
64 8 0.0005608
65 1 0.0008664
65 2 0.0008336
65 3 0.0004496
65 4 0.0003784
65 5 0.0003928
65 6 0.0004056
65 7 0.0003992
65 8 0.0005256
66 1 0.0010352
66 2 0.0008648
66 3 0.0004512
66 4 0.0003376
66 5 0.0004224
66 6 0.0003848
66 7 0.0004032
66 8 0.000508
67 1 0.0011608
67 2 0.0008712
67 3 0.0004496
67 4 0.0004264
67 5 0.000412
67 6 0.0004392
67 7 0.0003824
67 8 0.0005416
68 1 0.0014128
68 2 0.0008456
68 3 0.0004344
68 4 0.0005384
68 5 0.00048
68 6 0.0005216
68 7 0.0004856
68 8 0.0005528
69 1 0.001692
69 2 0.0008088
69 3 0.0004856
69 4 0.0006688
69 5 0.0005896
69 6 0.0006888
69 7 0.000584
69 8 0.0005432
70 1 0.0021296
70 2 0.0007648
70 3 0.000656
70 4 0.000816
70 5 0.0007768
70 6 0.0008264
70 7 0.0007784
70 8 0.0005544
71 1 0.002404
71 2 0.0007232
71 3 0.0008352
71 4 0.0009064
71 5 0.0009032
71 6 0.0008848
71 7 0.0009184
71 8 0.0006704
72 1 0.0025032
72 2 0.0007624
72 3 0.0010128
72 4 0.000928
72 5 0.0009568
72 6 0.000956
72 7 0.0010496
72 8 0.0008304
73 1 0.001508
73 2 0.001016
73 3 0.0011968
73 4 0.0010336
73 5 0.0010568
73 6 0.0010176
73 7 0.0010496
73 8 0.0011432
74 1 0.0004632
74 2 0.0005184
74 3 0.0005848
74 4 0.0005528
74 5 0.0005792
74 6 0.0004264
74 7 0.0004312
74 8 0.0003984
75 1 0.0004184
75 2 0.0004448
75 3 0.0005512
75 4 0.0006376
75 5 0.0005912
75 6 0.00052
75 7 0.0004248
75 8 0.0004056
76 1 0.0004208
76 2 0.0004232
76 3 0.000564
76 4 0.000712
76 5 0.0006544
76 6 0.000476
76 7 0.000448
76 8 0.0004088
77 1 0.000424
77 2 0.0004096
77 3 0.0005056
77 4 0.0007472
77 5 0.000704
77 6 0.0005184
77 7 0.0003808
77 8 0.000408
78 1 0.0003712
78 2 0.0004048
78 3 0.0005336
78 4 0.000804
78 5 0.0008
78 6 0.0005208
78 7 0.0003968
78 8 0.0003824
79 1 0.0003848
79 2 0.000376
79 3 0.0005048
79 4 0.000816
79 5 0.0009016
79 6 0.0005256
79 7 0.0003656
79 8 0.0003784
80 1 0.0003976
80 2 0.0003768
80 3 0.0004392
80 4 0.0008544
80 5 0.0010776
80 6 0.0005168
80 7 0.00038
80 8 0.0003832
81 1 0.0004232
81 2 0.0004512
81 3 0.0004528
81 4 0.000852
81 5 0.0011696
81 6 0.0005336
81 7 0.0003968
81 8 0.0004344
82 1 0.0005056
82 2 0.000516
82 3 0.0004472
82 4 0.000876
82 5 0.0013992
82 6 0.0005488
82 7 0.0004616
82 8 0.0005248
83 1 0.0006096
83 2 0.0006416
83 3 0.0005032
83 4 0.0008056
83 5 0.0017328
83 6 0.000544
83 7 0.000604
83 8 0.0006832
84 1 0.0007352
84 2 0.0007944
84 3 0.000604
84 4 0.000756
84 5 0.0020432
84 6 0.0005512
84 7 0.0007656
84 8 0.0007928
85 1 0.0008936
85 2 0.0009096
85 3 0.0007904
85 4 0.0007072
85 5 0.0024824
85 6 0.00066
85 7 0.0009304
85 8 0.0009136
86 1 0.0009992
86 2 0.0009576
86 3 0.0010344
86 4 0.0007696
86 5 0.0026136
86 6 0.0008008
86 7 0.001056
86 8 0.0009336
87 1 0.0010352
87 2 0.0010384
87 3 0.0011576
87 4 0.0009784
87 5 0.0014856
87 6 0.0010808
87 7 0.0011224
87 8 0.0009936
88 1 0.0004592
88 2 0.0005752
88 3 0.0006632
88 4 0.0005784
88 5 0.0004808
88 6 0.0004416
88 7 0.0004136
88 8 0.0004312
89 1 0.0004912
89 2 0.0006152
89 3 0.0006608
89 4 0.00052
89 5 0.00046
89 6 0.0003912
89 7 0.0003792
89 8 0.000444
90 1 0.0005368
90 2 0.0007008
90 3 0.0006784
90 4 0.0004776
90 5 0.0004128
90 6 0.0004184
90 7 0.0003976
90 8 0.000456
91 1 0.0006296
91 2 0.000752
91 3 0.0005888
91 4 0.0004512
91 5 0.000412
91 6 0.0004144
91 7 0.0004328
91 8 0.0004192
92 1 0.0006376
92 2 0.0008304
92 3 0.0005552
92 4 0.0004336
92 5 0.0003848
92 6 0.0003952
92 7 0.0003616
92 8 0.000444
93 1 0.0007688
93 2 0.000864
93 3 0.0005304
93 4 0.0004
93 5 0.000392
93 6 0.00038
93 7 0.0003904
93 8 0.0005144
94 1 0.0008512
94 2 0.0009056
94 3 0.000492
94 4 0.000408
94 5 0.0003824
94 6 0.0003968
94 7 0.0003672
94 8 0.0004784
95 1 0.0008936
95 2 0.0009624
95 3 0.0005072
95 4 0.0004112
95 5 0.0003832
95 6 0.000396
95 7 0.0003872
95 8 0.0004712
96 1 0.0010864
96 2 0.0010024
96 3 0.0004856
96 4 0.0004504
96 5 0.000468
96 6 0.0004824
96 7 0.0004272
96 8 0.0004848
97 1 0.0013096
97 2 0.0009984
97 3 0.0004664
97 4 0.0005544
97 5 0.0005344
97 6 0.000556
97 7 0.0005608
97 8 0.0004824
98 1 0.0014264
98 2 0.0010032
98 3 0.000444
98 4 0.0006904
98 5 0.0006944
98 6 0.0006752
98 7 0.000708
98 8 0.0005272
99 1 0.0016224
99 2 0.0008296
99 3 0.000628
99 4 0.000888
99 5 0.0007864
99 6 0.0008224
99 7 0.0008288
99 8 0.0005568
100 1 0.001688
100 2 0.0007776
100 3 0.0007888
100 4 0.0009048
100 5 0.0008888
100 6 0.0009
100 7 0.0009552
100 8 0.0007288
101 1 0.0014752
101 2 0.0007952
101 3 0.0010544
101 4 0.0009792
101 5 0.0009912
101 6 0.0009664
101 7 0.0010528
101 8 0.0009264
102 1 0.0010208
102 2 0.0010696
102 3 0.001152
102 4 0.0010008
102 5 0.0011304
102 6 0.0010096
102 7 0.0011392
102 8 0.0011896
103 1 0.0004368
103 2 0.0005616
103 3 0.0006944
103 4 0.0006616
103 5 0.0005296
103 6 0.0004352
103 7 0.0003984
103 8 0.0004304
104 1 0.000432
104 2 0.0004912
104 3 0.0006384
104 4 0.0006608
104 5 0.0005856
104 6 0.0004344
104 7 0.0003928
104 8 0.0003928
105 1 0.000392
105 2 0.0004464
105 3 0.0005776
105 4 0.0007656
105 5 0.0005864
105 6 0.0004736
105 7 0.000408
105 8 0.000452
106 1 0.0003784
106 2 0.0004232
106 3 0.0005584
106 4 0.0007984
106 5 0.0006448
106 6 0.0004632
106 7 0.0003728
106 8 0.0003968
107 1 0.0003696
107 2 0.0004136
107 3 0.0005736
107 4 0.0009056
107 5 0.0007432
107 6 0.0004416
107 7 0.0003792
107 8 0.0003904
108 1 0.0003496
108 2 0.0003728
108 3 0.0004992
108 4 0.0008968
108 5 0.0008264
108 6 0.0004512
108 7 0.000376
108 8 0.0004216
109 1 0.0003896
109 2 0.000392
109 3 0.0004968
109 4 0.0009504
109 5 0.000956
109 6 0.000516
109 7 0.0003856
109 8 0.0004168
110 1 0.0004488
110 2 0.0004384
110 3 0.0004552
110 4 0.0009688
110 5 0.0010472
110 6 0.0004944
110 7 0.0004304
110 8 0.0004328
111 1 0.0005384
111 2 0.0005704
111 3 0.0004816
111 4 0.0010336
111 5 0.001356
111 6 0.0004936
111 7 0.0005232
111 8 0.0005616
112 1 0.0006688
112 2 0.0006504
112 3 0.0005192
112 4 0.0009464
112 5 0.0014128
112 6 0.0005176
112 7 0.0006824
112 8 0.0006952
113 1 0.0007952
113 2 0.000812
113 3 0.0006224
113 4 0.0008952
113 5 0.0015896
113 6 0.0005568
113 7 0.0007944
113 8 0.0007504
114 1 0.0009048
114 2 0.0009176
114 3 0.000848
114 4 0.0007448
114 5 0.0016696
114 6 0.000684
114 7 0.000964
114 8 0.0008208
115 1 0.0010208
115 2 0.000952
115 3 0.001024
115 4 0.0007888
115 5 0.0014128
115 6 0.0008976
115 7 0.0010288
115 8 0.0009656
116 1 0.0010672
116 2 0.0010464
116 3 0.0012216
116 4 0.001072
116 5 0.0010064
116 6 0.0011968
116 7 0.0010808
116 8 0.0010408
117 1 0.0004632
117 2 0.0006184
117 3 0.0006784
117 4 0.0006304
117 5 0.0004864
117 6 0.00044
117 7 0.0004184
117 8 0.00038
118 1 0.0005144
118 2 0.0007096
118 3 0.0007128
118 4 0.0005408
118 5 0.0004232
118 6 0.0004048
118 7 0.0004248
118 8 0.000408
119 1 0.0004936
119 2 0.0007072
119 3 0.000696
119 4 0.000504
119 5 0.0004048
119 6 0.000408
119 7 0.000388
119 8 0.0004208
120 1 0.0005792
120 2 0.0007992
120 3 0.000676
120 4 0.0004376
120 5 0.0003984
120 6 0.000368
120 7 0.0003792
120 8 0.0004472
121 1 0.0006712
121 2 0.0009392
121 3 0.0006576
121 4 0.0004288
121 5 0.0003536
121 6 0.00042
121 7 0.0003944
121 8 0.000428
122 1 0.0006824
122 2 0.0009984
122 3 0.0005304
122 4 0.0003848
122 5 0.0003936
122 6 0.000408
122 7 0.0003688
122 8 0.0004192
123 1 0.00078
123 2 0.001056
123 3 0.0005264
123 4 0.000404
123 5 0.0003888
123 6 0.0004232
123 7 0.000408
123 8 0.0004488
124 1 0.000876
124 2 0.0011672
124 3 0.0005072
124 4 0.0004128
124 5 0.000428
124 6 0.0004168
124 7 0.0004008
124 8 0.0004456
125 1 0.0009784
125 2 0.0011992
125 3 0.0005104
125 4 0.0004544
125 5 0.000492
125 6 0.000484
125 7 0.0004984
125 8 0.0004752
126 1 0.0010544
126 2 0.0012408
126 3 0.0005312
126 4 0.000588
126 5 0.000636
126 6 0.0006032
126 7 0.0006256
126 8 0.0004808
127 1 0.0011504
127 2 0.001112
127 3 0.000512
127 4 0.0007304
127 5 0.0007368
127 6 0.0007336
127 7 0.0007232
127 8 0.00052
128 1 0.0012192
128 2 0.0009752
128 3 0.000628
128 4 0.000864
128 5 0.0008304
128 6 0.0008328
128 7 0.0008632
128 8 0.0006312
129 1 0.0011752
129 2 0.0008928
129 3 0.0007984
129 4 0.0009896
129 5 0.0008672
129 6 0.0008736
129 7 0.001036
129 8 0.000764
130 1 0.0010304
130 2 0.0008048
130 3 0.0010928
130 4 0.000948
130 5 0.0010304
130 6 0.00102
130 7 0.0010448
130 8 0.0010168
131 1 0.000416
131 2 0.0005776
131 3 0.0007216
131 4 0.0006496
131 5 0.0004912
131 6 0.0004144
131 7 0.0003872
131 8 0.000436
132 1 0.0004008
132 2 0.0004984
132 3 0.0006968
132 4 0.0007024
132 5 0.0005288
132 6 0.0004248
132 7 0.0004128
132 8 0.0003968
133 1 0.0004
133 2 0.000464
133 3 0.0006832
133 4 0.0007608
133 5 0.0005904
133 6 0.0003952
133 7 0.0003496
133 8 0.0003656
134 1 0.0003664
134 2 0.00042
134 3 0.0006224
134 4 0.0008776
134 5 0.000624
134 6 0.0004368
134 7 0.0003584
134 8 0.0003888
135 1 0.0003632
135 2 0.000416
135 3 0.000608
135 4 0.0009808
135 5 0.0006792
135 6 0.0004704
135 7 0.00038
135 8 0.0003848
136 1 0.0003832
136 2 0.0003936
136 3 0.0005264
136 4 0.0010584
136 5 0.0007528
136 6 0.0004432
136 7 0.0004
136 8 0.0003856
137 1 0.0004184
137 2 0.0003896
137 3 0.0004888
137 4 0.0011512
137 5 0.0008288
137 6 0.0004568
137 7 0.0003984
137 8 0.0004064
138 1 0.000492
138 2 0.0004712
138 3 0.0004944
138 4 0.0011904
138 5 0.0009768
138 6 0.0005056
138 7 0.0004952
138 8 0.0005064
139 1 0.0005752
139 2 0.0005776
139 3 0.0005272
139 4 0.0011784
139 5 0.0010624
139 6 0.0005
139 7 0.0005752
139 8 0.000584
140 1 0.0007128
140 2 0.000736
140 3 0.0005432
140 4 0.0011224
140 5 0.0011232
140 6 0.0005328
140 7 0.0007528
140 8 0.0007048
141 1 0.0008392
141 2 0.0009352
141 3 0.0006768
141 4 0.0009936
141 5 0.0012368
141 6 0.0006352
141 7 0.0008808
141 8 0.0008288
142 1 0.0009184
142 2 0.0009792
142 3 0.000912
142 4 0.0008208
142 5 0.0011904
142 6 0.0008016
142 7 0.0010312
142 8 0.0009344
143 1 0.0010328
143 2 0.0009808
143 3 0.0010464
143 4 0.0008288
143 5 0.001004
143 6 0.001052
143 7 0.0010256
143 8 0.0009752
144 1 0.0004392
144 2 0.0005832
144 3 0.0008024
144 4 0.0006424
144 5 0.0004352
144 6 0.0004008
144 7 0.0004128
144 8 0.000364
145 1 0.0004696
145 2 0.0006712
145 3 0.0008144
145 4 0.0005576
145 5 0.0004248
145 6 0.0003832
145 7 0.000388
145 8 0.0003848
146 1 0.0005176
146 2 0.000788
146 3 0.0008304
146 4 0.0005368
146 5 0.0003768
146 6 0.0004176
146 7 0.0003528
146 8 0.0003992
147 1 0.0005552
147 2 0.0009
147 3 0.0007368
147 4 0.0004392
147 5 0.0003816
147 6 0.000396
147 7 0.000392
147 8 0.0003848
148 1 0.0005912
148 2 0.0010272
148 3 0.000676
148 4 0.000456
148 5 0.0003648
148 6 0.0003656
148 7 0.0003552
148 8 0.000428
149 1 0.0006568
149 2 0.0011616
149 3 0.0006064
149 4 0.0004248
149 5 0.0003528
149 6 0.000404
149 7 0.0003616
149 8 0.0003776
150 1 0.0006864
150 2 0.0012512
150 3 0.0006296
150 4 0.0003824
150 5 0.000396
150 6 0.000412
150 7 0.000392
150 8 0.000404
151 1 0.000832
151 2 0.0013824
151 3 0.0005768
151 4 0.0003968
151 5 0.0004744
151 6 0.0004552
151 7 0.000436
151 8 0.0004152
152 1 0.0008736
152 2 0.0015136
152 3 0.0005576
152 4 0.0005048
152 5 0.000584
152 6 0.0005528
152 7 0.0005504
152 8 0.0004232
153 1 0.0009104
153 2 0.001468
153 3 0.0005256
153 4 0.0006416
153 5 0.000684
153 6 0.0006328
153 7 0.0006528
153 8 0.0004752
154 1 0.0010008
154 2 0.0013752
154 3 0.0005472
154 4 0.0007648
154 5 0.0008016
154 6 0.0007592
154 7 0.0008328
154 8 0.0005808
155 1 0.000916
155 2 0.001156
155 3 0.0006328
155 4 0.000928
155 5 0.0008752
155 6 0.0008456
155 7 0.0009048
155 8 0.0007224
156 1 0.0009352
156 2 0.0009272
156 3 0.0009176
156 4 0.0010224
156 5 0.0009312
156 6 0.0009216
156 7 0.0009624
156 8 0.000876
157 1 0.0008872
157 2 0.0008872
157 3 0.0011024
157 4 0.0010352
157 5 0.0009992
157 6 0.001044
157 7 0.001068
157 8 0.0011688
158 1 0.0004312
158 2 0.0005976
158 3 0.0008048
158 4 0.0007072
158 5 0.0004928
158 6 0.0003952
158 7 0.0003944
158 8 0.0003864
159 1 0.0004016
159 2 0.0005392
159 3 0.0008088
159 4 0.000796
159 5 0.0004864
159 6 0.0003648
159 7 0.000404
159 8 0.0004032
160 1 0.0003696
160 2 0.000468
160 3 0.000744
160 4 0.0008856
160 5 0.0005656
160 6 0.0004224
160 7 0.0003696
160 8 0.0003936
161 1 0.0003616
161 2 0.0004384
161 3 0.0006912
161 4 0.0010008
161 5 0.0005904
161 6 0.000364
161 7 0.000396
161 8 0.0004152
162 1 0.000384
162 2 0.0004376
162 3 0.0006856
162 4 0.0010872
162 5 0.0006328
162 6 0.0004488
162 7 0.0003856
162 8 0.0003944
163 1 0.0003848
163 2 0.000416
163 3 0.0005952
163 4 0.0012696
163 5 0.0007112
163 6 0.0003976
163 7 0.0004256
163 8 0.0004088
164 1 0.0004368
164 2 0.000404
164 3 0.0005752
164 4 0.0013808
164 5 0.0008
164 6 0.0004424
164 7 0.000436
164 8 0.0004416
165 1 0.000576
165 2 0.0004888
165 3 0.0005592
165 4 0.001444
165 5 0.0008384
165 6 0.0004632
165 7 0.0005632
165 8 0.0004912
166 1 0.0007304
166 2 0.0006152
166 3 0.0005536
166 4 0.0014312
166 5 0.0009328
166 6 0.0005136
166 7 0.0006376
166 8 0.0006312
167 1 0.0008272
167 2 0.0008104
167 3 0.000552
167 4 0.0013672
167 5 0.0009992
167 6 0.0005808
167 7 0.0007784
167 8 0.0007552
168 1 0.0008472
168 2 0.0009304
168 3 0.0006552
168 4 0.0011672
168 5 0.000944
168 6 0.0007288
168 7 0.0009512
168 8 0.0008608
169 1 0.0009536
169 2 0.0009968
169 3 0.0009024
169 4 0.0009448
169 5 0.0008984
169 6 0.0008864
169 7 0.0010472
169 8 0.0009272
170 1 0.0010384
170 2 0.0009832
170 3 0.0010632
170 4 0.0008768
170 5 0.0008528
170 6 0.001072
170 7 0.001024
170 8 0.0009752
171 1 0.0003896
171 2 0.0006528
171 3 0.000976
171 4 0.0006672
171 5 0.0004376
171 6 0.000388
171 7 0.0003736
171 8 0.0003656
172 1 0.0004392
172 2 0.0007424
172 3 0.0009528
172 4 0.0006104
172 5 0.0004184
172 6 0.0003688
172 7 0.0003656
172 8 0.0003888
173 1 0.000504
173 2 0.0008072
173 3 0.0008808
173 4 0.0004888
173 5 0.0004088
173 6 0.0003888
173 7 0.0004104
173 8 0.000376
174 1 0.0005392
174 2 0.00094
174 3 0.0008504
174 4 0.0004464
174 5 0.000368
174 6 0.0003848
174 7 0.0003904
174 8 0.0003912
175 1 0.0005576
175 2 0.001068
175 3 0.000752
175 4 0.0004576
175 5 0.0003664
175 6 0.0004096
175 7 0.0003776
175 8 0.0004056
176 1 0.000548
176 2 0.001208
176 3 0.0006768
176 4 0.0004184
176 5 0.0004088
176 6 0.0004008
176 7 0.0004408
176 8 0.0004104
177 1 0.000652
177 2 0.0014008
177 3 0.0006552
177 4 0.0004512
177 5 0.0005
177 6 0.0004408
177 7 0.000456
177 8 0.000416
178 1 0.0006944
178 2 0.0017072
178 3 0.0005744
178 4 0.0004512
178 5 0.0005648
178 6 0.0005064
178 7 0.0005304
178 8 0.0004584
179 1 0.0007488
179 2 0.001832
179 3 0.0006032
179 4 0.0005432
179 5 0.000636
179 6 0.0005848
179 7 0.000644
179 8 0.0005048
180 1 0.0008072
180 2 0.0019072
180 3 0.0005424
180 4 0.0007112
180 5 0.0007944
180 6 0.000728
180 7 0.0007752
180 8 0.0005608
181 1 0.0008024
181 2 0.0017248
181 3 0.000592
181 4 0.0008632
181 5 0.0008032
181 6 0.0008616
181 7 0.0009104
181 8 0.0006616
182 1 0.0007552
182 2 0.0014384
182 3 0.0007264
182 4 0.001004
182 5 0.0009128
182 6 0.0009792
182 7 0.0009384
182 8 0.00088
183 1 0.0008272
183 2 0.00098
183 3 0.0009912
183 4 0.0010064
183 5 0.0009624
183 6 0.0009752
183 7 0.0009616
183 8 0.001024
184 1 0.0009848
184 2 0.0009416
184 3 0.0012344
184 4 0.0010752
184 5 0.00102
184 6 0.0010504
184 7 0.001104
184 8 0.0011976
185 1 0.0003912
185 2 0.0005912
185 3 0.000932
185 4 0.0006896
185 5 0.0004104
185 6 0.0003816
185 7 0.0004088
185 8 0.0003824
186 1 0.000396
186 2 0.000544
186 3 0.000924
186 4 0.0007744
186 5 0.0004928
186 6 0.0003632
186 7 0.000388
186 8 0.0003656
187 1 0.0003648
187 2 0.0004672
187 3 0.0008336
187 4 0.0009016
187 5 0.000572
187 6 0.0003808
187 7 0.0003888
187 8 0.0003864
188 1 0.0003664
188 2 0.000456
188 3 0.0007616
188 4 0.001084
188 5 0.0005384
188 6 0.0003912
188 7 0.0003584
188 8 0.0003872
189 1 0.0003608
189 2 0.0003992
189 3 0.0006936
189 4 0.0012456
189 5 0.000596
189 6 0.0004128
189 7 0.000408
189 8 0.0003872
190 1 0.0004592
190 2 0.000436
190 3 0.0006608
190 4 0.0014408
190 5 0.0006432
190 6 0.0004072
190 7 0.0004416
190 8 0.0004696
191 1 0.0005536
191 2 0.000432
191 3 0.0006008
191 4 0.0016264
191 5 0.0007144
191 6 0.0004272
191 7 0.0005368
191 8 0.0005072
192 1 0.0006304
192 2 0.0005512
192 3 0.0005712
192 4 0.0018608
192 5 0.0007816
192 6 0.0005072
192 7 0.0006256
192 8 0.000576
193 1 0.000752
193 2 0.0007304
193 3 0.000548
193 4 0.0019872
193 5 0.0008104
193 6 0.0005968
193 7 0.0007424
193 8 0.0007056
194 1 0.0007848
194 2 0.000856
194 3 0.000576
194 4 0.0017792
194 5 0.0007776
194 6 0.0006712
194 7 0.000808
194 8 0.0008168
195 1 0.0009088
195 2 0.0009864
195 3 0.0007352
195 4 0.0013952
195 5 0.0008072
195 6 0.000852
195 7 0.000952
195 8 0.0009624
196 1 0.0009864
196 2 0.0010312
196 3 0.0010344
196 4 0.0010176
196 5 0.0008352
196 6 0.001024
196 7 0.000964
196 8 0.0010024
197 1 0.0010688
197 2 0.0010864
197 3 0.0012144
197 4 0.001
197 5 0.0009784
197 6 0.0012064
197 7 0.0010672
197 8 0.0009976
198 1 0.000416
198 2 0.0006032
198 3 0.0011456
198 4 0.0006408
198 5 0.0004
198 6 0.0004
198 7 0.000392
198 8 0.0003664
199 1 0.000412
199 2 0.0007296
199 3 0.0010336
199 4 0.0005808
199 5 0.000388
199 6 0.0004072
199 7 0.0003896
199 8 0.0003808
200 1 0.0004408
200 2 0.000864
200 3 0.0010288
200 4 0.0005088
200 5 0.0004064
200 6 0.0004112
200 7 0.0003912
200 8 0.0003552
201 1 0.0004696
201 2 0.0010008
201 3 0.0009832
201 4 0.000488
201 5 0.0003808
201 6 0.0003768
201 7 0.000412
201 8 0.0003824
202 1 0.0005192
202 2 0.0011616
202 3 0.0008408
202 4 0.0004232
202 5 0.0004032
202 6 0.0004112
202 7 0.0004096
202 8 0.0003736
203 1 0.0005408
203 2 0.0013704
203 3 0.0007688
203 4 0.0004248
203 5 0.0004624
203 6 0.0004808
203 7 0.000472
203 8 0.0003944
204 1 0.0006192
204 2 0.0017424
204 3 0.0006936
204 4 0.00042
204 5 0.000548
204 6 0.0005016
204 7 0.00058
204 8 0.000428
205 1 0.0006328
205 2 0.0020248
205 3 0.0006272
205 4 0.0004792
205 5 0.0006672
205 6 0.0006072
205 7 0.000636
205 8 0.0004792
206 1 0.0007208
206 2 0.002272
206 3 0.0005792
206 4 0.0006504
206 5 0.0007168
206 6 0.0007088
206 7 0.0007456
206 8 0.0005848
207 1 0.0007008
207 2 0.0026296
207 3 0.0006272
207 4 0.0008232
207 5 0.0007928
207 6 0.0008072
207 7 0.0007992
207 8 0.0006744
208 1 0.0007048
208 2 0.002336
208 3 0.0006624
208 4 0.0009328
208 5 0.0008576
208 6 0.0009112
208 7 0.0008672
208 8 0.0008176
209 1 0.0007296
209 2 0.001668
209 3 0.000836
209 4 0.0010272
209 5 0.0009128
209 6 0.00094
209 7 0.0009592
209 8 0.0009608
210 1 0.0008448
210 2 0.0010112
210 3 0.0010736
210 4 0.001032
210 5 0.0009888
210 6 0.0010104
210 7 0.0010272
210 8 0.0011512
211 1 0.00038
211 2 0.0005872
211 3 0.0010864
211 4 0.0007408
211 5 0.0004512
211 6 0.000396
211 7 0.0004016
211 8 0.000396
212 1 0.0003776
212 2 0.00052
212 3 0.0010416
212 4 0.0008656
212 5 0.0004248
212 6 0.0003712
212 7 0.0003832
212 8 0.0003712
213 1 0.0003872
213 2 0.000452
213 3 0.0008784
213 4 0.0009808
213 5 0.0004728
213 6 0.0004008
213 7 0.0003944
213 8 0.0004056
214 1 0.0004472
214 2 0.0004752
214 3 0.0008344
214 4 0.0011232
214 5 0.0004864
214 6 0.0004136
214 7 0.0004232
214 8 0.0004112
215 1 0.0004912
215 2 0.0004072
215 3 0.0007776
215 4 0.001352
215 5 0.0005352
215 6 0.0004256
215 7 0.0004976
215 8 0.0004504
216 1 0.0005104
216 2 0.0004224
216 3 0.0007016
216 4 0.0016512
216 5 0.000612
216 6 0.000412
216 7 0.0005584
216 8 0.0004968
217 1 0.0006328
217 2 0.0005192
217 3 0.0006456
217 4 0.0019824
217 5 0.0006416
217 6 0.0004872
217 7 0.000608
217 8 0.0005832
218 1 0.0007728
218 2 0.0006288
218 3 0.0006224
218 4 0.0023344
218 5 0.0006872
218 6 0.0005928
218 7 0.0007216
218 8 0.0006712
219 1 0.0008128
219 2 0.0008072
219 3 0.0005896
219 4 0.0025624
219 5 0.0007168
219 6 0.0007232
219 7 0.0008576
219 8 0.0008088
220 1 0.0008288
220 2 0.0009352
220 3 0.00066
220 4 0.0023328
220 5 0.0007184
220 6 0.0008152
220 7 0.0008808
220 8 0.0009264
221 1 0.0009432
221 2 0.0010776
221 3 0.0008504
221 4 0.0017272
221 5 0.0006976
221 6 0.0009832
221 7 0.0009408
221 8 0.000992
222 1 0.0009664
222 2 0.0010792
222 3 0.0010536
222 4 0.001048
222 5 0.0008776
222 6 0.0011608
222 7 0.000984
222 8 0.001016
223 1 0.0004224
223 2 0.0006424
223 3 0.001324
223 4 0.000664
223 5 0.0004016
223 6 0.0004288
223 7 0.0003904
223 8 0.0004
224 1 0.0004368
224 2 0.0007328
224 3 0.0013096
224 4 0.0005936
224 5 0.0004128
224 6 0.0004264
224 7 0.0004112
224 8 0.000408
225 1 0.0004344
225 2 0.0008912
225 3 0.0012232
225 4 0.0005176
225 5 0.0004248
225 6 0.0004528
225 7 0.00044
225 8 0.000424
226 1 0.0004608
226 2 0.001012
226 3 0.0010608
226 4 0.0004888
226 5 0.0004296
226 6 0.0004728
226 7 0.0004328
226 8 0.0004408
227 1 0.0005096
227 2 0.001176
227 3 0.0008928
227 4 0.0005104
227 5 0.0004728
227 6 0.0004608
227 7 0.000496
227 8 0.000456
228 1 0.0005432
228 2 0.0014496
228 3 0.0008312
228 4 0.0004632
228 5 0.0005448
228 6 0.000552
228 7 0.000588
228 8 0.0004752
229 1 0.0005536
229 2 0.001808
229 3 0.0007496
229 4 0.0004864
229 5 0.0006616
229 6 0.0005816
229 7 0.0006792
229 8 0.0005728
230 1 0.0006064
230 2 0.0023424
230 3 0.0006944
230 4 0.0005752
230 5 0.000768
230 6 0.0007296
230 7 0.0007416
230 8 0.000592
231 1 0.0006304
231 2 0.0030512
231 3 0.0005424
231 4 0.0007056
231 5 0.0008168
231 6 0.0007832
231 7 0.0008632
231 8 0.000668
232 1 0.0006216
232 2 0.0038008
232 3 0.000624
232 4 0.0009208
232 5 0.0008328
232 6 0.000876
232 7 0.0008832
232 8 0.0008864
233 1 0.0006848
233 2 0.0035024
233 3 0.0007704
233 4 0.0009888
233 5 0.000928
233 6 0.000968
233 7 0.000904
233 8 0.0009576
234 1 0.0008184
234 2 0.0020184
234 3 0.0009288
234 4 0.0010208
234 5 0.0010208
234 6 0.001032
234 7 0.0009784
234 8 0.001108
235 1 0.0011616
235 2 0.0009744
235 3 0.001192
235 4 0.0011592
235 5 0.001056
235 6 0.001092
235 7 0.00106
235 8 0.001216
236 1 0.0004024
236 2 0.0005648
236 3 0.0013304
236 4 0.0006776
236 5 0.00044
236 6 0.0004248
236 7 0.0004056
236 8 0.000428
237 1 0.0004024
237 2 0.0005552
237 3 0.0012352
237 4 0.0008744
237 5 0.0004736
237 6 0.0004248
237 7 0.0003768
237 8 0.000436
238 1 0.000424
238 2 0.000516
238 3 0.001072
238 4 0.0009712
238 5 0.000484
238 6 0.0004696
238 7 0.000444
238 8 0.0004632
239 1 0.0004872
239 2 0.000488
239 3 0.0009864
239 4 0.001196
239 5 0.0005256
239 6 0.0005016
239 7 0.0004904
239 8 0.0004432
240 1 0.0005928
240 2 0.0004976
240 3 0.000796
240 4 0.0014344
240 5 0.0005488
240 6 0.0005032
240 7 0.0005528
240 8 0.000516
241 1 0.0006192
241 2 0.00048
241 3 0.0007664
241 4 0.0018592
241 5 0.0005376
241 6 0.0005752
241 7 0.0006184
241 8 0.0005752
242 1 0.0007176
242 2 0.000592
242 3 0.0007272
242 4 0.0024176
242 5 0.0006176
242 6 0.0006304
242 7 0.00074
242 8 0.0006544
243 1 0.0008168
243 2 0.0007536
243 3 0.0006176
243 4 0.0030832
243 5 0.000648
243 6 0.0007168
243 7 0.0008224
243 8 0.0007536
244 1 0.0008696
244 2 0.0008552
244 3 0.000624
244 4 0.0038096
244 5 0.0006792
244 6 0.0008328
244 7 0.0008216
244 8 0.0008672
245 1 0.000852
245 2 0.0009816
245 3 0.0007328
245 4 0.0034952
245 5 0.0006952
245 6 0.0009608
245 7 0.0009152
245 8 0.0010032
246 1 0.000972
246 2 0.0010592
246 3 0.0009432
246 4 0.0020704
246 5 0.0008176
246 6 0.001116
246 7 0.0010016
246 8 0.001056
247 1 0.0010216
247 2 0.0011928
247 3 0.0012264
247 4 0.0010112
247 5 0.001084
247 6 0.0011792
247 7 0.0010848
247 8 0.0010712
248 1 0.0004248
248 2 0.0006896
248 3 0.0016728
248 4 0.000628
248 5 0.0004224
248 6 0.0005544
248 7 0.00044
248 8 0.0005176
249 1 0.0004352
249 2 0.0007152
249 3 0.0015704
249 4 0.0005784
249 5 0.000452
249 6 0.0005144
249 7 0.0005008
249 8 0.0004896
250 1 0.0004392
250 2 0.0007848
250 3 0.00142
250 4 0.0005488
250 5 0.000508
250 6 0.0005608
250 7 0.000512
250 8 0.000524
251 1 0.000504
251 2 0.0009744
251 3 0.0012632
251 4 0.0005472
251 5 0.000536
251 6 0.0005768
251 7 0.0005592
251 8 0.0005672
252 1 0.0004864
252 2 0.0012352
252 3 0.0011376
252 4 0.0005696
252 5 0.0005808
252 6 0.0006152
252 7 0.0006168
252 8 0.0006176
253 1 0.0005528
253 2 0.0015528
253 3 0.0009064
253 4 0.0004784
253 5 0.0007192
253 6 0.0006616
253 7 0.0006648
253 8 0.0006352
254 1 0.000552
254 2 0.0018784
254 3 0.00084
254 4 0.0005376
254 5 0.0007784
254 6 0.0007032
254 7 0.000724
254 8 0.00072
255 1 0.000608
255 2 0.0025784
255 3 0.0006656
255 4 0.0006776
255 5 0.00084
255 6 0.0008104
255 7 0.0008272
255 8 0.0007952
256 1 0.0006232
256 2 0.003868
256 3 0.0006696
256 4 0.0008544
256 5 0.0008768
256 6 0.000888
256 7 0.0008536
256 8 0.00088
257 1 0.0006696
257 2 0.0059336
257 3 0.000692
257 4 0.0010088
257 5 0.0008928
257 6 0.0010048
257 7 0.000864
257 8 0.000968
258 1 0.0008312
258 2 0.006732
258 3 0.0008296
258 4 0.001084
258 5 0.0009464
258 6 0.001064
258 7 0.0009392
258 8 0.0010952
259 1 0.0010352
259 2 0.002016
259 3 0.0011568
259 4 0.0010896
259 5 0.0010296
259 6 0.0010384
259 7 0.0010232
259 8 0.0011576
260 1 0.0004184
260 2 0.0005784
260 3 0.0015408
260 4 0.0007544
260 5 0.0004464
260 6 0.0005456
260 7 0.000488
260 8 0.000492
261 1 0.0004544
261 2 0.0005016
261 3 0.0014488
261 4 0.0008488
261 5 0.0004656
261 6 0.0005192
261 7 0.000516
261 8 0.0005304
262 1 0.000508
262 2 0.000524
262 3 0.001236
262 4 0.0009872
262 5 0.0004856
262 6 0.0005696
262 7 0.0005496
262 8 0.000556
263 1 0.0006432
263 2 0.000468
263 3 0.0010824
263 4 0.0011712
263 5 0.0004936
263 6 0.0006256
263 7 0.000592
263 8 0.0006096
264 1 0.0006416
264 2 0.0005184
264 3 0.0009336
264 4 0.0015048
264 5 0.0005712
264 6 0.0006352
264 7 0.0006288
264 8 0.000624
265 1 0.0007992
265 2 0.0006
265 3 0.00082
265 4 0.00188
265 5 0.0005976
265 6 0.0006736
265 7 0.000708
265 8 0.000684
266 1 0.0008024
266 2 0.0006776
266 3 0.0007
266 4 0.00254
266 5 0.0006272
266 6 0.0007808
266 7 0.0008312
266 8 0.0007944
267 1 0.0008408
267 2 0.000856
267 3 0.0006664
267 4 0.003744
267 5 0.000596
267 6 0.0008632
267 7 0.0008576
267 8 0.0008616
268 1 0.0009
268 2 0.00098
268 3 0.0007
268 4 0.0059912
268 5 0.0007088
268 6 0.0009944
268 7 0.0008424
268 8 0.0009592
269 1 0.0009208
269 2 0.0010688
269 3 0.0008728
269 4 0.0066792
269 5 0.0007928
269 6 0.00112
269 7 0.0009336
269 8 0.0010152
270 1 0.0010448
270 2 0.0010928
270 3 0.001148
270 4 0.0021224
270 5 0.0010488
270 6 0.001168
270 7 0.001004
270 8 0.0011512
271 1 0.0005216
271 2 0.0006696
271 3 0.002132
271 4 0.0006408
271 5 0.0005384
271 6 0.0006824
271 7 0.0006112
271 8 0.0006752
272 1 0.0004944
272 2 0.0007256
272 3 0.0020016
272 4 0.0005688
272 5 0.00056
272 6 0.0006528
272 7 0.0005632
272 8 0.0006856
273 1 0.0004472
273 2 0.0008184
273 3 0.0017032
273 4 0.0005776
273 5 0.0006176
273 6 0.0006776
273 7 0.0006472
273 8 0.0006592
274 1 0.0004768
274 2 0.0009368
274 3 0.0014216
274 4 0.0005352
274 5 0.0006848
274 6 0.0006896
274 7 0.000644
274 8 0.0006896
275 1 0.0005224
275 2 0.0011264
275 3 0.0011864
275 4 0.0005664
275 5 0.0007344
275 6 0.0007936
275 7 0.00076
275 8 0.0007016
276 1 0.000516
276 2 0.0013712
276 3 0.0009968
276 4 0.0006072
276 5 0.0008248
276 6 0.0007984
276 7 0.0007984
276 8 0.0007664
277 1 0.00056
277 2 0.0017232
277 3 0.0008496
277 4 0.0006544
277 5 0.0008752
277 6 0.0008256
277 7 0.0008272
277 8 0.0008176
278 1 0.0006088
278 2 0.0023416
278 3 0.0007312
278 4 0.000844
278 5 0.0009584
278 6 0.0009504
278 7 0.0008744
278 8 0.0008848
279 1 0.0007032
279 2 0.003552
279 3 0.0006888
279 4 0.0009768
279 5 0.0009536
279 6 0.0010352
279 7 0.000864
279 8 0.0010032
280 1 0.0008728
280 2 0.0067224
280 3 0.0008584
280 4 0.0010632
280 5 0.0009968
280 6 0.0010432
280 7 0.0009128
280 8 0.001064
281 1 0.0010584
281 2 0.0182624
281 3 0.0010288
281 4 0.0010648
281 5 0.0010096
281 6 0.0010848
281 7 0.0009808
281 8 0.0011232
282 1 0.0005456
282 2 0.0005768
282 3 0.0019448
282 4 0.0007048
282 5 0.0004848
282 6 0.0006384
282 7 0.0005792
282 8 0.000652
283 1 0.0006128
283 2 0.00056
283 3 0.0018216
283 4 0.0008088
283 5 0.0004936
283 6 0.0006296
283 7 0.0006248
283 8 0.0006808
284 1 0.000652
284 2 0.0005552
284 3 0.0013896
284 4 0.0009504
284 5 0.0005072
284 6 0.0006872
284 7 0.0006584
284 8 0.0006432
285 1 0.0007296
285 2 0.000528
285 3 0.0011616
285 4 0.001132
285 5 0.0005328
285 6 0.0007552
285 7 0.0007144
285 8 0.0006952
286 1 0.0008264
286 2 0.0005632
286 3 0.0010416
286 4 0.0013584
286 5 0.0005544
286 6 0.0008
286 7 0.000764
286 8 0.0007672
287 1 0.0008024
287 2 0.0006944
287 3 0.0007864
287 4 0.0017312
287 5 0.000624
287 6 0.000916
287 7 0.0008096
287 8 0.0008368
288 1 0.0009
288 2 0.0008624
288 3 0.0007472
288 4 0.0022784
288 5 0.000636
288 6 0.0009216
288 7 0.0008832
288 8 0.0009296
289 1 0.0009512
289 2 0.0010048
289 3 0.0006488
289 4 0.0035496
289 5 0.0007328
289 6 0.0010352
289 7 0.0008664
289 8 0.0010136
290 1 0.0010064
290 2 0.0011168
290 3 0.0008216
290 4 0.0066608
290 5 0.000828
290 6 0.0011568
290 7 0.0009464
290 8 0.001012
291 1 0.0010392
291 2 0.0011152
291 3 0.0010616
291 4 0.0177192
291 5 0.0010824
291 6 0.001144
291 7 0.0010608
291 8 0.0010416
292 1 0.000712
292 2 0.0006296
292 3 0.0027608
292 4 0.000664
292 5 0.0006832
292 6 0.0008096
292 7 0.000696
292 8 0.0007712
293 1 0.0006104
293 2 0.0007488
293 3 0.002504
293 4 0.0005736
293 5 0.00072
293 6 0.0008272
293 7 0.0007392
293 8 0.0008056
294 1 0.0006208
294 2 0.0007624
294 3 0.0020504
294 4 0.0005792
294 5 0.000772
294 6 0.0007584
294 7 0.0007448
294 8 0.0007888
295 1 0.0006384
295 2 0.0008808
295 3 0.0016672
295 4 0.0005632
295 5 0.0008088
295 6 0.0008408
295 7 0.0007896
295 8 0.0007672
296 1 0.0006488
296 2 0.0009592
296 3 0.0013008
296 4 0.0006392
296 5 0.0008568
296 6 0.0008472
296 7 0.0008024
296 8 0.0008504
297 1 0.0006848
297 2 0.0011528
297 3 0.0010288
297 4 0.000724
297 5 0.0009072
297 6 0.0008944
297 7 0.0008784
297 8 0.0009448
298 1 0.0007544
298 2 0.0014184
298 3 0.000812
298 4 0.000836
298 5 0.001004
298 6 0.0009384
298 7 0.0009248
298 8 0.0009648
299 1 0.0008792
299 2 0.001728
299 3 0.0007344
299 4 0.000968
299 5 0.000912
299 6 0.0009568
299 7 0.0009168
299 8 0.001044
300 1 0.0009584
300 2 0.0019568
300 3 0.0008608
300 4 0.0011272
300 5 0.0009928
300 6 0.0010224
300 7 0.0009512
300 8 0.001016
301 1 0.0011048
301 2 0.0020304
301 3 0.0010592
301 4 0.00122
301 5 0.0010672
301 6 0.0011272
301 7 0.0009984
301 8 0.001112
302 1 0.0007168
302 2 0.0005832
302 3 0.0026216
302 4 0.0006944
302 5 0.0006296
302 6 0.0008056
302 7 0.000736
302 8 0.0007656
303 1 0.0007576
303 2 0.000584
303 3 0.0020848
303 4 0.0007496
303 5 0.0006296
303 6 0.0008312
303 7 0.0007024
303 8 0.0008008
304 1 0.0008072
304 2 0.0005656
304 3 0.0016136
304 4 0.0008616
304 5 0.0006568
304 6 0.00082
304 7 0.0007872
304 8 0.0007904
305 1 0.0008264
305 2 0.0006232
305 3 0.00126
305 4 0.0010152
305 5 0.0006544
305 6 0.0009008
305 7 0.000856
305 8 0.0008352
306 1 0.0009024
306 2 0.0007112
306 3 0.0009864
306 4 0.0011256
306 5 0.0006816
306 6 0.0009088
306 7 0.0008456
306 8 0.0008528
307 1 0.0009184
307 2 0.000824
307 3 0.000788
307 4 0.0013928
307 5 0.0007712
307 6 0.0009824
307 7 0.000856
307 8 0.0008952
308 1 0.0009496
308 2 0.0009672
308 3 0.0007384
308 4 0.0017056
308 5 0.0008344
308 6 0.001024
308 7 0.0009552
308 8 0.0009592
309 1 0.000988
309 2 0.0011088
309 3 0.0008296
309 4 0.0020392
309 5 0.0009096
309 6 0.001096
309 7 0.0009704
309 8 0.00104
310 1 0.0010312
310 2 0.0011632
310 3 0.0011048
310 4 0.0020056
310 5 0.0011024
310 6 0.00114
310 7 0.001008
310 8 0.0010032
311 1 0.0008616
311 2 0.0006432
311 3 0.0039592
311 4 0.000644
311 5 0.0008568
311 6 0.0008448
311 7 0.0008696
311 8 0.0008184
312 1 0.0008048
312 2 0.0006528
312 3 0.0034384
312 4 0.000568
312 5 0.0009136
312 6 0.0008528
312 7 0.0008856
312 8 0.0009
313 1 0.0008928
313 2 0.0007272
313 3 0.0024648
313 4 0.0006408
313 5 0.000952
313 6 0.0008568
313 7 0.000908
313 8 0.0009576
314 1 0.000844
314 2 0.0007056
314 3 0.0017288
314 4 0.0006952
314 5 0.0009568
314 6 0.0009272
314 7 0.000892
314 8 0.0009216
315 1 0.0008096
315 2 0.0008232
315 3 0.0011696
315 4 0.0007648
315 5 0.0009792
315 6 0.0009496
315 7 0.0009496
315 8 0.0009624
316 1 0.0008776
316 2 0.0009936
316 3 0.0009032
316 4 0.000916
316 5 0.0009848
316 6 0.000968
316 7 0.0009232
316 8 0.0010096
317 1 0.0009928
317 2 0.0010312
317 3 0.0007816
317 4 0.0009936
317 5 0.0009456
317 6 0.001008
317 7 0.0009768
317 8 0.001044
318 1 0.0010968
318 2 0.0010576
318 3 0.0008776
318 4 0.0011064
318 5 0.0010232
318 6 0.0010312
318 7 0.0010192
318 8 0.0011032
319 1 0.0012464
319 2 0.0010192
319 3 0.0011544
319 4 0.0011808
319 5 0.001084
319 6 0.0011304
319 7 0.0010208
319 8 0.0011568
320 1 0.0008536
320 2 0.0005824
320 3 0.0035496
320 4 0.0006536
320 5 0.000828
320 6 0.0008984
320 7 0.000896
320 8 0.0008376
321 1 0.0009112
321 2 0.000648
321 3 0.002496
321 4 0.0007016
321 5 0.0007808
321 6 0.0008848
321 7 0.0009312
321 8 0.0008384
322 1 0.0009568
322 2 0.0006768
322 3 0.001724
322 4 0.0007592
322 5 0.000848
322 6 0.0009152
322 7 0.0009584
322 8 0.000836
323 1 0.0010448
323 2 0.00074
323 3 0.00116
323 4 0.0008224
323 5 0.0008176
323 6 0.0009992
323 7 0.0009872
323 8 0.0009088
324 1 0.0009896
324 2 0.0008816
324 3 0.0009264
324 4 0.00094
324 5 0.0008704
324 6 0.0009488
324 7 0.000944
324 8 0.0009808
325 1 0.0009616
325 2 0.0010448
325 3 0.0008528
325 4 0.0009656
325 5 0.0009648
325 6 0.0010224
325 7 0.001008
325 8 0.0009784
326 1 0.0009976
326 2 0.0011088
326 3 0.000896
326 4 0.00104
326 5 0.0010784
326 6 0.0010488
326 7 0.0010128
326 8 0.0010672
327 1 0.0009888
327 2 0.0012472
327 3 0.0011768
327 4 0.0009856
327 5 0.0011728
327 6 0.0011536
327 7 0.0010688
327 8 0.0011088
328 1 0.0010528
328 2 0.0007272
328 3 0.0068904
328 4 0.0006952
328 5 0.001012
328 6 0.0009344
328 7 0.0010408
328 8 0.0008768
329 1 0.001036
329 2 0.0007136
329 3 0.0049456
329 4 0.000772
329 5 0.0010184
329 6 0.0009232
329 7 0.0010136
329 8 0.000968
330 1 0.0010064
330 2 0.0006864
330 3 0.002464
330 4 0.0008576
330 5 0.0010424
330 6 0.0009192
330 7 0.0010056
330 8 0.0009568
331 1 0.001012
331 2 0.0007616
331 3 0.0014632
331 4 0.000852
331 5 0.0010048
331 6 0.00094
331 7 0.000964
331 8 0.0009048
332 1 0.0011088
332 2 0.0008552
332 3 0.0010128
332 4 0.0010256
332 5 0.0010616
332 6 0.0009736
332 7 0.0010128
332 8 0.0009592
333 1 0.0011008
333 2 0.0009024
333 3 0.0009072
333 4 0.0011448
333 5 0.0010296
333 6 0.0010056
333 7 0.0009896
333 8 0.0010224
334 1 0.0011376
334 2 0.0009712
334 3 0.0009624
334 4 0.0011712
334 5 0.0010656
334 6 0.0010968
334 7 0.0010192
334 8 0.0011256
335 1 0.0010824
335 2 0.000768
335 3 0.0049136
335 4 0.0006944
335 5 0.0010576
335 6 0.0009656
335 7 0.0009912
335 8 0.0009008
336 1 0.0010392
336 2 0.000756
336 3 0.002456
336 4 0.000744
336 5 0.001052
336 6 0.0009608
336 7 0.0009736
336 8 0.00096
337 1 0.001048
337 2 0.000992
337 3 0.0014072
337 4 0.000732
337 5 0.001016
337 6 0.000968
337 7 0.0010096
337 8 0.0009472
338 1 0.0010368
338 2 0.001048
338 3 0.0010256
338 4 0.000828
338 5 0.001028
338 6 0.0009648
338 7 0.0010288
338 8 0.0009576
339 1 0.0010392
339 2 0.0010728
339 3 0.0008856
339 4 0.0009008
339 5 0.0011592
339 6 0.0009928
339 7 0.0010256
339 8 0.0009608
340 1 0.0010792
340 2 0.0012008
340 3 0.0009944
340 4 0.0009584
340 5 0.0012224
340 6 0.0010816
340 7 0.0010248
340 8 0.0010568
341 1 0.0011168
341 2 0.0010112
341 3 0.0175664
341 4 0.0009496
341 5 0.0011408
341 6 0.0009688
341 7 0.001052
341 8 0.0010048
342 1 0.0011328
342 2 0.000968
342 3 0.0043576
342 4 0.0010208
342 5 0.001136
342 6 0.0009712
342 7 0.001136
342 8 0.0009872
343 1 0.001104
343 2 0.0009912
343 3 0.0015296
343 4 0.0011128
343 5 0.0011352
343 6 0.0009992
343 7 0.0010648
343 8 0.0010248
344 1 0.0011928
344 2 0.0010408
344 3 0.0010216
344 4 0.0011904
344 5 0.001096
344 6 0.0010208
344 7 0.0010256
344 8 0.0010512
345 1 0.001096
345 2 0.0010104
345 3 0.0042488
345 4 0.0009856
345 5 0.0011528
345 6 0.0009872
345 7 0.0010664
345 8 0.001016
346 1 0.001048
346 2 0.0010832
346 3 0.0014376
346 4 0.001004
346 5 0.0011592
346 6 0.0010584
346 7 0.0010368
346 8 0.0010032
347 1 0.0010928
347 2 0.0011976
347 3 0.0010112
347 4 0.0010344
347 5 0.0011224
347 6 0.001004
347 7 0.0010552
347 8 0.0010344
348 1 0.0005496
348 2 0.0004752
348 3 0.0004624
348 4 0.0004728
348 5 0.0004872
348 6 0.0005072
348 7 0.0005288
348 8 0.0005448
349 1 0.0005496
349 2 0.0004704
349 3 0.000452
349 4 0.0004712
349 5 0.0004376
349 6 0.000508
349 7 0.0005528
349 8 0.0005504
350 1 0.0005936
350 2 0.000524
350 3 0.0004528
350 4 0.0004312
350 5 0.0004264
350 6 0.0004744
350 7 0.0005192
350 8 0.0006456
351 1 0.0006424
351 2 0.0005512
351 3 0.0004456
351 4 0.0004008
351 5 0.0003984
351 6 0.0004328
351 7 0.000552
351 8 0.0006472
352 1 0.0007472
352 2 0.0005608
352 3 0.0004272
352 4 0.000428
352 5 0.0004176
352 6 0.000416
352 7 0.0005264
352 8 0.0006608
353 1 0.0008016
353 2 0.0005592
353 3 0.0004232
353 4 0.0004032
353 5 0.0004096
353 6 0.0003896
353 7 0.0004576
353 8 0.0006944
354 1 0.0009672
354 2 0.0006008
354 3 0.0004048
354 4 0.000384
354 5 0.0003976
354 6 0.0004016
354 7 0.0004656
354 8 0.0007072
355 1 0.0010152
355 2 0.0005824
355 3 0.000416
355 4 0.0003864
355 5 0.000388
355 6 0.0003664
355 7 0.0004456
355 8 0.0007376
356 1 0.0013224
356 2 0.0005528
356 3 0.0003856
356 4 0.0004272
356 5 0.0004056
356 6 0.0004176
356 7 0.000412
356 8 0.0007392
357 1 0.001564
357 2 0.0005816
357 3 0.0004608
357 4 0.0005008
357 5 0.0004728
357 6 0.0005408
357 7 0.0004384
357 8 0.0007568
358 1 0.0019296
358 2 0.0005872
358 3 0.0005408
358 4 0.0006736
358 5 0.0006016
358 6 0.0006192
358 7 0.0004944
358 8 0.000764
359 1 0.0025824
359 2 0.0005856
359 3 0.00076
359 4 0.0008
359 5 0.0007128
359 6 0.000856
359 7 0.0006336
359 8 0.0006776
360 1 0.0035136
360 2 0.0006176
360 3 0.0008848
360 4 0.0008624
360 5 0.0008392
360 6 0.0009344
360 7 0.0008856
360 8 0.000672
361 1 0.0048488
361 2 0.0007656
361 3 0.0010024
361 4 0.0009456
361 5 0.0009968
361 6 0.000924
361 7 0.0010312
361 8 0.0007328
362 1 0.0042536
362 2 0.0010296
362 3 0.0010888
362 4 0.001008
362 5 0.0011112
362 6 0.0010136
362 7 0.0011528
362 8 0.00102
363 1 0.0004896
363 2 0.0004744
363 3 0.0004728
363 4 0.0004688
363 5 0.0005336
363 6 0.000532
363 7 0.000572
363 8 0.000492
364 1 0.0004072
364 2 0.0004336
364 3 0.0004496
364 4 0.000496
364 5 0.000612
364 6 0.000608
364 7 0.0005072
364 8 0.0004672
365 1 0.0003904
365 2 0.0003984
365 3 0.0004176
365 4 0.000544
365 5 0.0006384
365 6 0.0006424
365 7 0.0005104
365 8 0.0004408
366 1 0.0003848
366 2 0.0004424
366 3 0.0004456
366 4 0.0005272
366 5 0.0007528
366 6 0.000652
366 7 0.0005192
366 8 0.0004016
367 1 0.0003888
367 2 0.0003776
367 3 0.0003984
367 4 0.0005752
367 5 0.000848
367 6 0.0006744
367 7 0.0004392
367 8 0.0004312
368 1 0.0003728
368 2 0.0003936
368 3 0.0004272
368 4 0.0005568
368 5 0.0009736
368 6 0.0007176
368 7 0.0004648
368 8 0.0003624
369 1 0.0003776
369 2 0.0003744
369 3 0.0004024
369 4 0.0005832
369 5 0.0010728
369 6 0.0007392
369 7 0.0004344
369 8 0.0003944
370 1 0.000416
370 2 0.0004448
370 3 0.0004048
370 4 0.0005632
370 5 0.0012088
370 6 0.0007504
370 7 0.0004232
370 8 0.0004288
371 1 0.0004856
371 2 0.0005496
371 3 0.0004584
371 4 0.0005616
371 5 0.0015712
371 6 0.000748
371 7 0.0004424
371 8 0.0004792
372 1 0.0006008
372 2 0.0006616
372 3 0.00056
372 4 0.0006
372 5 0.001948
372 6 0.0006664
372 7 0.0005096
372 8 0.000648
373 1 0.0007384
373 2 0.0008024
373 3 0.00076
373 4 0.0006128
373 5 0.0025392
373 6 0.0006904
373 7 0.000628
373 8 0.00082
374 1 0.0008776
374 2 0.000876
374 3 0.000876
374 4 0.0006232
374 5 0.0034848
374 6 0.0006728
374 7 0.0008352
374 8 0.0008696
375 1 0.0010488
375 2 0.0009248
375 3 0.0010272
375 4 0.0007872
375 5 0.00484
375 6 0.0007776
375 7 0.0010328
375 8 0.0009384
376 1 0.0010752
376 2 0.0009672
376 3 0.0010552
376 4 0.001032
376 5 0.0041128
376 6 0.0009928
376 7 0.0011344
376 8 0.0010744
377 1 0.0004792
377 2 0.0004632
377 3 0.0004384
377 4 0.000448
377 5 0.0005272
377 6 0.0005816
377 7 0.0005784
377 8 0.000604
378 1 0.0005824
378 2 0.0004536
378 3 0.000448
378 4 0.0004488
378 5 0.0004584
378 6 0.000508
378 7 0.0005416
378 8 0.0006072
379 1 0.0006064
379 2 0.000492
379 3 0.0004448
379 4 0.0004344
379 5 0.0004024
379 6 0.0004496
379 7 0.0005384
379 8 0.0006024
380 1 0.0006104
380 2 0.0005088
380 3 0.0004584
380 4 0.0004144
380 5 0.0004256
380 6 0.000476
380 7 0.0005256
380 8 0.0007144
381 1 0.0006528
381 2 0.0005008
381 3 0.0003728
381 4 0.0003904
381 5 0.000424
381 6 0.0004048
381 7 0.0005504
381 8 0.0007424
382 1 0.0008088
382 2 0.0005136
382 3 0.0003992
382 4 0.0004112
382 5 0.0003808
382 6 0.0003808
382 7 0.0005168
382 8 0.0007816
383 1 0.0008584
383 2 0.0005064
383 3 0.000384
383 4 0.0003752
383 5 0.000372
383 6 0.0004056
383 7 0.000488
383 8 0.0008408
384 1 0.0010688
384 2 0.0005416
384 3 0.0003936
384 4 0.0003856
384 5 0.000372
384 6 0.0003656
384 7 0.000472
384 8 0.0008968
385 1 0.0012136
385 2 0.0005072
385 3 0.000372
385 4 0.0004608
385 5 0.0004184
385 6 0.0004352
385 7 0.0004328
385 8 0.0008824
386 1 0.0014328
386 2 0.0005472
386 3 0.0004728
386 4 0.0005024
386 5 0.00048
386 6 0.0005544
386 7 0.0004536
386 8 0.00084
387 1 0.001736
387 2 0.000524
387 3 0.000596
387 4 0.000644
387 5 0.00066
387 6 0.0006856
387 7 0.000488
387 8 0.000816
388 1 0.0021496
388 2 0.0005696
388 3 0.000784
388 4 0.0007856
388 5 0.0008008
388 6 0.00082
388 7 0.0006456
388 8 0.000764
389 1 0.002396
389 2 0.0006208
389 3 0.0009096
389 4 0.0008496
389 5 0.0008944
389 6 0.0008888
389 7 0.000816
389 8 0.0007112
390 1 0.0025288
390 2 0.0008472
390 3 0.000984
390 4 0.0009432
390 5 0.0010056
390 6 0.0009496
390 7 0.001008
390 8 0.0007608
391 1 0.001464
391 2 0.0011232
391 3 0.0010984
391 4 0.0010296
391 5 0.0010584
391 6 0.0009992
391 7 0.001164
391 8 0.0010168
392 1 0.0004464
392 2 0.0004296
392 3 0.0004312
392 4 0.0004568
392 5 0.0005576
392 6 0.0006048
392 7 0.0005456
392 8 0.0005256
393 1 0.0004472
393 2 0.000448
393 3 0.0004312
393 4 0.000468
393 5 0.0005592
393 6 0.0006608
393 7 0.0006136
393 8 0.0004744
394 1 0.0003792
394 2 0.0004016
394 3 0.0004056
394 4 0.0005104
394 5 0.0006432
394 6 0.0007288
394 7 0.0005688
394 8 0.0004616
395 1 0.0004016
395 2 0.0003848
395 3 0.0003952
395 4 0.000532
395 5 0.0006872
395 6 0.000696
395 7 0.0005512
395 8 0.0004704
396 1 0.0004024
396 2 0.0003792
396 3 0.000412
396 4 0.0005104
396 5 0.0007784
396 6 0.0008288
396 7 0.0004608
396 8 0.0003784
397 1 0.00036
397 2 0.000384
397 3 0.00038
397 4 0.0005072
397 5 0.0009448
397 6 0.000864
397 7 0.0004952
397 8 0.0003976
398 1 0.000392
398 2 0.0004024
398 3 0.0003792
398 4 0.0004792
398 5 0.0009696
398 6 0.0008392
398 7 0.0004592
398 8 0.0003984
399 1 0.000424
399 2 0.0004784
399 3 0.0003752
399 4 0.0005304
399 5 0.001168
399 6 0.0008816
399 7 0.0004576
399 8 0.0004048
400 1 0.000552
400 2 0.0005648
400 3 0.0004784
400 4 0.0005376
400 5 0.0014984
400 6 0.0008408
400 7 0.0004632
400 8 0.0005296
401 1 0.0006296
401 2 0.0007016
401 3 0.000616
401 4 0.0005968
401 5 0.0016992
401 6 0.000804
401 7 0.0004816
401 8 0.00064
402 1 0.0007456
402 2 0.0007984
402 3 0.000764
402 4 0.000592
402 5 0.0020936
402 6 0.000752
402 7 0.0006688
402 8 0.0007896
403 1 0.0008664
403 2 0.000868
403 3 0.0009232
403 4 0.0006176
403 5 0.0024776
403 6 0.0006992
403 7 0.000828
403 8 0.0008768
404 1 0.0010288
404 2 0.000964
404 3 0.0010888
404 4 0.000828
404 5 0.0025232
404 6 0.0008088
404 7 0.0009328
404 8 0.0009024
405 1 0.0010488
405 2 0.000996
405 3 0.0010856
405 4 0.0010784
405 5 0.0014016
405 6 0.001008
405 7 0.0011768
405 8 0.001044
406 1 0.0004544
406 2 0.0004288
406 3 0.0004264
406 4 0.000412
406 5 0.0004608
406 6 0.0006
406 7 0.0006736
406 8 0.0005664
407 1 0.0005072
407 2 0.000436
407 3 0.000396
407 4 0.000404
407 5 0.00044
407 6 0.0005576
407 7 0.0006872
407 8 0.0006248
408 1 0.00058
408 2 0.0004552
408 3 0.0004232
408 4 0.000416
408 5 0.00042
408 6 0.0005016
408 7 0.0005992
408 8 0.0006528
409 1 0.0005728
409 2 0.0004608
409 3 0.0004224
409 4 0.0004168
409 5 0.0003928
409 6 0.0004672
409 7 0.0006424
409 8 0.000756
410 1 0.0006392
410 2 0.0004848
410 3 0.0004096
410 4 0.0003768
410 5 0.0004008
410 6 0.0004192
410 7 0.0005632
410 8 0.000824
411 1 0.0008152
411 2 0.0004344
411 3 0.0003832
411 4 0.0003968
411 5 0.0003704
411 6 0.0003816
411 7 0.000568
411 8 0.0008576
412 1 0.0008568
412 2 0.0004768
412 3 0.0003904
412 4 0.0003456
412 5 0.0003832
412 6 0.0003664
412 7 0.0005344
412 8 0.0009392
413 1 0.0009344
413 2 0.000492
413 3 0.0003936
413 4 0.000424
413 5 0.0003808
413 6 0.0003864
413 7 0.0005024
413 8 0.0009848
414 1 0.0010808
414 2 0.000472
414 3 0.0004264
414 4 0.0004168
414 5 0.000436
414 6 0.0004248
414 7 0.0004808
414 8 0.0009416
415 1 0.0012496
415 2 0.000528
415 3 0.0004976
415 4 0.000528
415 5 0.0005056
415 6 0.000564
415 7 0.0004736
415 8 0.0009792
416 1 0.0014904
416 2 0.000532
416 3 0.0006112
416 4 0.0006688
416 5 0.000684
416 6 0.000672
416 7 0.0004992
416 8 0.000952
417 1 0.0015672
417 2 0.0005608
417 3 0.0008016
417 4 0.0008008
417 5 0.0007856
417 6 0.0008152
417 7 0.0006512
417 8 0.000856
418 1 0.0017192
418 2 0.0006592
418 3 0.000928
418 4 0.0008728
418 5 0.000924
418 6 0.0009528
418 7 0.0007944
418 8 0.000792
419 1 0.0014848
419 2 0.0009424
419 3 0.0010672
419 4 0.000972
419 5 0.0009608
419 6 0.0009544
419 7 0.0010176
419 8 0.0007816
420 1 0.001032
420 2 0.0011784
420 3 0.0011048
420 4 0.0010632
420 5 0.0010592
420 6 0.0010512
420 7 0.0012216
420 8 0.0010632
421 1 0.0004288
421 2 0.0004256
421 3 0.000416
421 4 0.0004248
421 5 0.000524
421 6 0.0006208
421 7 0.0006096
421 8 0.0005264
422 1 0.000448
422 2 0.0003824
422 3 0.0004
422 4 0.0004488
422 5 0.0005712
422 6 0.0006848
422 7 0.0006952
422 8 0.0004752
423 1 0.0003832
423 2 0.0003688
423 3 0.0003872
423 4 0.0004752
423 5 0.0006344
423 6 0.0007736
423 7 0.0006016
423 8 0.0004328
424 1 0.0003992
424 2 0.0003816
424 3 0.0003968
424 4 0.0004472
424 5 0.0006376
424 6 0.000836
424 7 0.0005624
424 8 0.0004064
425 1 0.0004
425 2 0.0003976
425 3 0.0004024
425 4 0.000448
425 5 0.0007328
425 6 0.0008664
425 7 0.0005288
425 8 0.0003792
426 1 0.0004136
426 2 0.0003832
426 3 0.0004008
426 4 0.0004576
426 5 0.0008816
426 6 0.0009144
426 7 0.0005256
426 8 0.0004096
427 1 0.000436
427 2 0.000428
427 3 0.0004
427 4 0.0004504
427 5 0.0009528
427 6 0.0009768
427 7 0.0004744
427 8 0.0003752
428 1 0.0004512
428 2 0.0004296
428 3 0.0004064
428 4 0.0005168
428 5 0.0010408
428 6 0.0009952
428 7 0.0004736
428 8 0.0004208
429 1 0.0005184
429 2 0.000552
429 3 0.0005544
429 4 0.0005112
429 5 0.001212
429 6 0.0009864
429 7 0.0004736
429 8 0.0005672
430 1 0.0006696
430 2 0.000672
430 3 0.000688
430 4 0.0005088
430 5 0.0014752
430 6 0.0009352
430 7 0.0005176
430 8 0.000688
431 1 0.0008
431 2 0.0007904
431 3 0.0008592
431 4 0.0005776
431 5 0.001616
431 6 0.0008456
431 7 0.0006104
431 8 0.0008792
432 1 0.0009296
432 2 0.0008744
432 3 0.0010208
432 4 0.000632
432 5 0.0016192
432 6 0.0007656
432 7 0.0008096
432 8 0.0008752
433 1 0.0010096
433 2 0.0009472
433 3 0.0010176
433 4 0.0009232
433 5 0.001408
433 6 0.00074
433 7 0.0010112
433 8 0.0009744
434 1 0.0010448
434 2 0.0009656
434 3 0.0011032
434 4 0.0012336
434 5 0.001028
434 6 0.0010248
434 7 0.001176
434 8 0.00104
435 1 0.0004912
435 2 0.0004128
435 3 0.0003784
435 4 0.0004368
435 5 0.0004616
435 6 0.0005992
435 7 0.000752
435 8 0.000608
436 1 0.0004744
436 2 0.0004008
436 3 0.0004272
436 4 0.0004008
436 5 0.0004552
436 6 0.0004968
436 7 0.0007712
436 8 0.0006248
437 1 0.0005504
437 2 0.0004184
437 3 0.0004104
437 4 0.000388
437 5 0.00042
437 6 0.0004992
437 7 0.0006744
437 8 0.0006968
438 1 0.0005856
438 2 0.000412
438 3 0.0003608
438 4 0.000352
438 5 0.0004088
438 6 0.0004576
438 7 0.0006672
438 8 0.0008384
439 1 0.0006288
439 2 0.0004304
439 3 0.0004192
439 4 0.0003944
439 5 0.0003736
439 6 0.0004352
439 7 0.000612
439 8 0.0008728
440 1 0.0007176
440 2 0.000452
440 3 0.0003648
440 4 0.0003856
440 5 0.0003928
440 6 0.0003952
440 7 0.0006056
440 8 0.0009776
441 1 0.0007656
441 2 0.0004136
441 3 0.000368
441 4 0.0003736
441 5 0.0003632
441 6 0.0003976
441 7 0.0005712
441 8 0.0011264
442 1 0.000932
442 2 0.0004688
442 3 0.0004112
442 4 0.0003848
442 5 0.000444
442 6 0.000404
442 7 0.0005368
442 8 0.0011456
443 1 0.0009712
443 2 0.000476
443 3 0.000504
443 4 0.0004544
443 5 0.0004848
443 6 0.0004848
443 7 0.000456
443 8 0.001164
444 1 0.0010816
444 2 0.000472
444 3 0.0006776
444 4 0.000608
444 5 0.000664
444 6 0.0006024
444 7 0.000508
444 8 0.0011912
445 1 0.0011928
445 2 0.0005456
445 3 0.0007072
445 4 0.00074
445 5 0.0007336
445 6 0.0007904
445 7 0.0005336
445 8 0.001092
446 1 0.0012328
446 2 0.000608
446 3 0.0008944
446 4 0.0007992
446 5 0.000832
446 6 0.000864
446 7 0.0006424
446 8 0.0009936
447 1 0.0012064
447 2 0.0008136
447 3 0.0010168
447 4 0.0009168
447 5 0.0008912
447 6 0.0009592
447 7 0.000856
447 8 0.0008232
448 1 0.0009776
448 2 0.0009944
448 3 0.0009968
448 4 0.001
448 5 0.0009776
448 6 0.0010456
448 7 0.0010136
448 8 0.0008336
449 1 0.0004504
449 2 0.0003488
449 3 0.0004064
449 4 0.0004264
449 5 0.0005088
449 6 0.0006448
449 7 0.0007008
449 8 0.0005296
450 1 0.0004144
450 2 0.0003944
450 3 0.0004032
450 4 0.0004288
450 5 0.0005456
450 6 0.0007144
450 7 0.0006848
450 8 0.0005184
451 1 0.0004024
451 2 0.0004016
451 3 0.0003776
451 4 0.000432
451 5 0.0005896
451 6 0.0008464
451 7 0.0006944
451 8 0.0004816
452 1 0.0003976
452 2 0.0004256
452 3 0.0003976
452 4 0.0004384
452 5 0.0006352
452 6 0.0009464
452 7 0.000612
452 8 0.000416
453 1 0.0004032
453 2 0.000372
453 3 0.000348
453 4 0.0004224
453 5 0.0006832
453 6 0.0009936
453 7 0.0005496
453 8 0.0004336
454 1 0.0003768
454 2 0.0004064
454 3 0.0004024
454 4 0.0004472
454 5 0.0007728
454 6 0.0010624
454 7 0.0005088
454 8 0.000388
455 1 0.0004168
455 2 0.0004304
455 3 0.0004304
455 4 0.0004536
455 5 0.00084
455 6 0.0011464
455 7 0.0005136
455 8 0.0003888
456 1 0.00048
456 2 0.0004992
456 3 0.0005
456 4 0.0004208
456 5 0.0009432
456 6 0.0011624
456 7 0.0005024
456 8 0.0004664
457 1 0.0006048
457 2 0.00058
457 3 0.0005744
457 4 0.0004616
457 5 0.001048
457 6 0.001176
457 7 0.0005136
457 8 0.0005936
458 1 0.0007872
458 2 0.0007328
458 3 0.0006936
458 4 0.0005272
458 5 0.0011912
458 6 0.00112
458 7 0.0005432
458 8 0.0007352
459 1 0.000848
459 2 0.000844
459 3 0.0008936
459 4 0.000632
459 5 0.0012496
459 6 0.0009936
459 7 0.0006384
459 8 0.0008752
460 1 0.0009488
460 2 0.0009248
460 3 0.0010304
460 4 0.000796
460 5 0.0011664
460 6 0.0008584
460 7 0.000856
460 8 0.000948
461 1 0.0009336
461 2 0.000996
461 3 0.0010208
461 4 0.0010048
461 5 0.000972
461 6 0.0007896
461 7 0.001072
461 8 0.0010464
462 1 0.0004432
462 2 0.0003624
462 3 0.000368
462 4 0.0003792
462 5 0.000432
462 6 0.0006472
462 7 0.0007968
462 8 0.0005736
463 1 0.0004848
463 2 0.0004
463 3 0.0004008
463 4 0.0003928
463 5 0.0004152
463 6 0.0005608
463 7 0.0007952
463 8 0.0007096
464 1 0.0005096
464 2 0.0004008
464 3 0.0003832
464 4 0.000372
464 5 0.0003864
464 6 0.000512
464 7 0.0007744
464 8 0.0007592
465 1 0.0005288
465 2 0.0003872
465 3 0.0003736
465 4 0.000412
465 5 0.0003648
465 6 0.000512
465 7 0.0006936
465 8 0.0008696
466 1 0.0006072
466 2 0.0004232
466 3 0.0003704
466 4 0.0003712
466 5 0.000336
466 6 0.0004544
466 7 0.0007208
466 8 0.0010016
467 1 0.0006272
467 2 0.0004136
467 3 0.0003608
467 4 0.0003632
467 5 0.000404
467 6 0.0004016
467 7 0.0006448
467 8 0.001104
468 1 0.0006624
468 2 0.0004408
468 3 0.0004008
468 4 0.0004112
468 5 0.0004232
468 6 0.0003864
468 7 0.0005936
468 8 0.0012176
469 1 0.000776
469 2 0.000488
469 3 0.0004504
469 4 0.0004336
469 5 0.0004664
469 6 0.0003784
469 7 0.000556
469 8 0.00138
470 1 0.00086
470 2 0.000488
470 3 0.0005648
470 4 0.0005176
470 5 0.0005536
470 6 0.0004976
470 7 0.00054
470 8 0.0014024
471 1 0.0008984
471 2 0.0005224
471 3 0.0006712
471 4 0.0006368
471 5 0.0006656
471 6 0.000644
471 7 0.0004848
471 8 0.0015312
472 1 0.000976
472 2 0.0005744
472 3 0.000776
472 4 0.0007376
472 5 0.000792
472 6 0.0008208
472 7 0.0005432
472 8 0.001312
473 1 0.0010168
473 2 0.0007456
473 3 0.0009032
473 4 0.00086
473 5 0.000868
473 6 0.0009168
473 7 0.0006976
473 8 0.0011352
474 1 0.0009288
474 2 0.0009112
474 3 0.00096
474 4 0.000984
474 5 0.0009816
474 6 0.0010504
474 7 0.0008984
474 8 0.0009104
475 1 0.0008552
475 2 0.0010808
475 3 0.0010288
475 4 0.0009752
475 5 0.0010016
475 6 0.0010016
475 7 0.00112
475 8 0.0008992
476 1 0.0004368
476 2 0.0003936
476 3 0.0004104
476 4 0.0003752
476 5 0.0004952
476 6 0.0006536
476 7 0.0008232
476 8 0.0005208
477 1 0.0004376
477 2 0.0004048
477 3 0.0004032
477 4 0.0003904
477 5 0.0005064
477 6 0.0007872
477 7 0.0008216
477 8 0.0005248
478 1 0.0003936
478 2 0.0004312
478 3 0.0003968
478 4 0.0004048
478 5 0.0005376
478 6 0.0008448
478 7 0.0007552
478 8 0.0004488
479 1 0.0003704
479 2 0.0003928
479 3 0.0003864
479 4 0.0004096
479 5 0.0005568
479 6 0.0010064
479 7 0.0007144
479 8 0.0004328
480 1 0.0003872
480 2 0.0004048
480 3 0.0003816
480 4 0.0004128
480 5 0.000636
480 6 0.001096
480 7 0.0006184
480 8 0.0004168
481 1 0.000428
481 2 0.0004208
481 3 0.0004224
481 4 0.0004296
481 5 0.00072
481 6 0.0012568
481 7 0.0006144
481 8 0.0003824
482 1 0.0004824
482 2 0.0004504
482 3 0.0004448
482 4 0.0004592
482 5 0.000768
482 6 0.0013216
482 7 0.0005712
482 8 0.0004144
483 1 0.0005656
483 2 0.0005384
483 3 0.0005568
483 4 0.0005048
483 5 0.0007952
483 6 0.0014224
483 7 0.0005208
483 8 0.0004952
484 1 0.0006576
484 2 0.0006392
484 3 0.0006856
484 4 0.0005024
484 5 0.0009192
484 6 0.0014344
484 7 0.00054
484 8 0.0006472
485 1 0.0007888
485 2 0.0008072
485 3 0.0007832
485 4 0.0006216
485 5 0.0009768
485 6 0.0013704
485 7 0.0005648
485 8 0.000776
486 1 0.0008504
486 2 0.0008664
486 3 0.0009112
486 4 0.0006896
486 5 0.0010024
486 6 0.0011136
486 7 0.0007304
486 8 0.0009224
487 1 0.0009312
487 2 0.0009688
487 3 0.0009816
487 4 0.000916
487 5 0.0009008
487 6 0.0009224
487 7 0.0008816
487 8 0.0009632
488 1 0.0009992
488 2 0.0010288
488 3 0.0010032
488 4 0.001096
488 5 0.00088
488 6 0.0009104
488 7 0.0010984
488 8 0.0010256
489 1 0.000416
489 2 0.0003864
489 3 0.0003792
489 4 0.000368
489 5 0.0004544
489 6 0.0006752
489 7 0.000924
489 8 0.0006432
490 1 0.0004576
490 2 0.0004072
490 3 0.0003912
490 4 0.0003552
490 5 0.0004384
490 6 0.0006056
490 7 0.0009656
490 8 0.0007496
491 1 0.0004888
491 2 0.0003616
491 3 0.0003632
491 4 0.0003568
491 5 0.0003408
491 6 0.0005392
491 7 0.0009008
491 8 0.0008256
492 1 0.0005288
492 2 0.0003856
492 3 0.0003888
492 4 0.0003944
492 5 0.0003624
492 6 0.0004472
492 7 0.0008648
492 8 0.0009248
493 1 0.0005536
493 2 0.00038
493 3 0.0003944
493 4 0.0004048
493 5 0.0003752
493 6 0.0004232
493 7 0.00074
493 8 0.0010528
494 1 0.000568
494 2 0.0004024
494 3 0.0003752
494 4 0.0004064
494 5 0.0003864
494 6 0.000428
494 7 0.0006952
494 8 0.0011736
495 1 0.0006408
495 2 0.0004208
495 3 0.0004136
495 4 0.0004376
495 5 0.000468
495 6 0.0004168
495 7 0.0006832
495 8 0.0014184
496 1 0.0006368
496 2 0.0004472
496 3 0.0005568
496 4 0.0004936
496 5 0.000544
496 6 0.0004616
496 7 0.0005728
496 8 0.0017176
497 1 0.000744
497 2 0.0004832
497 3 0.0006656
497 4 0.0005672
497 5 0.0006288
497 6 0.0005576
497 7 0.00058
497 8 0.0018656
498 1 0.000832
498 2 0.0005872
498 3 0.0008
498 4 0.000752
498 5 0.0007872
498 6 0.0007288
498 7 0.0005552
498 8 0.0018912
499 1 0.0008024
499 2 0.0007216
499 3 0.000824
499 4 0.0008608
499 5 0.000824
499 6 0.000832
499 7 0.0005632
499 8 0.0017744
500 1 0.0007776
500 2 0.00084
500 3 0.0009208
500 4 0.0008952
500 5 0.000884
500 6 0.0009744
500 7 0.0007272
500 8 0.001384
501 1 0.0008336
501 2 0.000992
501 3 0.0009704
501 4 0.001032
501 5 0.0009888
501 6 0.0010432
501 7 0.000972
501 8 0.0009376
502 1 0.000936
502 2 0.0012352
502 3 0.0010984
502 4 0.0010632
502 5 0.0009784
502 6 0.0011048
502 7 0.0011576
502 8 0.001052
503 1 0.0003944
503 2 0.0003696
503 3 0.0003928
503 4 0.0003672
503 5 0.0004344
503 6 0.0007512
503 7 0.000868
503 8 0.0005536
504 1 0.0003584
504 2 0.0003656
504 3 0.0003832
504 4 0.0003768
504 5 0.0004696
504 6 0.00086
504 7 0.000924
504 8 0.000516
505 1 0.0003768
505 2 0.0003944
505 3 0.00036
505 4 0.0003952
505 5 0.0004704
505 6 0.0008896
505 7 0.0008408
505 8 0.00046
506 1 0.0003784
506 2 0.0003912
506 3 0.000388
506 4 0.0004224
506 5 0.000536
506 6 0.001048
506 7 0.0007904
506 8 0.0004128
507 1 0.0003912
507 2 0.0004112
507 3 0.0004208
507 4 0.0003864
507 5 0.0006448
507 6 0.0012408
507 7 0.0007056
507 8 0.0004128
508 1 0.0004696
508 2 0.0004552
508 3 0.0004816
508 4 0.0004168
508 5 0.00064
508 6 0.0014872
508 7 0.0006376
508 8 0.0004024
509 1 0.0005512
509 2 0.0004968
509 3 0.0005264
509 4 0.0004384
509 5 0.000688
509 6 0.0016416
509 7 0.000556
509 8 0.0004208
510 1 0.000652
510 2 0.000596
510 3 0.0006456
510 4 0.0004848
510 5 0.0008328
510 6 0.001908
510 7 0.0005968
510 8 0.000532
511 1 0.0007712
511 2 0.0007504
511 3 0.0007024
511 4 0.0005416
511 5 0.0007584
511 6 0.001856
511 7 0.0005616
511 8 0.0007096
512 1 0.0008248
512 2 0.0008408
512 3 0.0008576
512 4 0.0007096
512 5 0.0007984
512 6 0.0017216
512 7 0.0005784
512 8 0.0008512
513 1 0.0008952
513 2 0.000904
513 3 0.0009672
513 4 0.0008152
513 5 0.0008472
513 6 0.0013296
513 7 0.0007248
513 8 0.0009736
514 1 0.0009904
514 2 0.0010344
514 3 0.0009584
514 4 0.001036
514 5 0.0007688
514 6 0.0009984
514 7 0.0009064
514 8 0.0010128
515 1 0.0009672
515 2 0.0010488
515 3 0.0010792
515 4 0.0011944
515 5 0.000996
515 6 0.0009408
515 7 0.0011984
515 8 0.0010616
516 1 0.00038
516 2 0.0003528
516 3 0.0003504
516 4 0.0003704
516 5 0.0004328
516 6 0.0006544
516 7 0.0011112
516 8 0.0006056
517 1 0.0004208
517 2 0.0003688
517 3 0.0003728
517 4 0.0003408
517 5 0.0003856
517 6 0.0005672
517 7 0.001076
517 8 0.0007408
518 1 0.0004224
518 2 0.000352
518 3 0.0004072
518 4 0.0003904
518 5 0.0003512
518 6 0.0005408
518 7 0.0010648
518 8 0.0008128
519 1 0.0004712
519 2 0.0004032
519 3 0.0003768
519 4 0.000368
519 5 0.0003896
519 6 0.0004808
519 7 0.000948
519 8 0.0009448
520 1 0.000516
520 2 0.0004008
520 3 0.0004248
520 4 0.00038
520 5 0.000428
520 6 0.0004312
520 7 0.0008352
520 8 0.0011112
521 1 0.0005416
521 2 0.0004136
521 3 0.0004504
521 4 0.000436
521 5 0.0004344
521 6 0.0004712
521 7 0.000732
521 8 0.0013896
522 1 0.0006408
522 2 0.0004424
522 3 0.0005352
522 4 0.0004488
522 5 0.0005464
522 6 0.0004608
522 7 0.0007312
522 8 0.0016672
523 1 0.000612
523 2 0.0004904
523 3 0.0006376
523 4 0.0005792
523 5 0.00066
523 6 0.0005152
523 7 0.0006048
523 8 0.0019856
524 1 0.000696
524 2 0.0005936
524 3 0.0007368
524 4 0.0006128
524 5 0.000736
524 6 0.000652
524 7 0.0006328
524 8 0.0023752
525 1 0.0006976
525 2 0.000692
525 3 0.0008672
525 4 0.0008192
525 5 0.0008184
525 6 0.0007904
525 7 0.0005816
525 8 0.0025784
526 1 0.0007104
526 2 0.0008208
526 3 0.0008632
526 4 0.0009192
526 5 0.0009056
526 6 0.0009608
526 7 0.000632
526 8 0.0023592
527 1 0.0007352
527 2 0.0010496
527 3 0.0009736
527 4 0.0009696
527 5 0.0009032
527 6 0.001036
527 7 0.0008552
527 8 0.0016704
528 1 0.0008816
528 2 0.0011208
528 3 0.000964
528 4 0.0010592
528 5 0.0009904
528 6 0.0010488
528 7 0.0010888
528 8 0.0010168
529 1 0.0003768
529 2 0.0004168
529 3 0.0004016
529 4 0.0003496
529 5 0.0004496
529 6 0.0007248
529 7 0.0010904
529 8 0.000568
530 1 0.0003872
530 2 0.0003624
530 3 0.0004136
530 4 0.000376
530 5 0.0004552
530 6 0.0008328
530 7 0.0009704
530 8 0.0005216
531 1 0.000368
531 2 0.0004008
531 3 0.0004016
531 4 0.0004008
531 5 0.000468
531 6 0.0010064
531 7 0.0008984
531 8 0.0004528
532 1 0.00042
532 2 0.0004264
532 3 0.0004288
532 4 0.0004144
532 5 0.0005272
532 6 0.0011784
532 7 0.00082
532 8 0.0004496
533 1 0.0004856
533 2 0.000432
533 3 0.000468
533 4 0.0004008
533 5 0.0005328
533 6 0.0014176
533 7 0.0007856
533 8 0.0004552
534 1 0.0005672
534 2 0.0005024
534 3 0.000564
534 4 0.0004528
534 5 0.0006152
534 6 0.0016344
534 7 0.0007232
534 8 0.000444
535 1 0.0006056
535 2 0.0005896
535 3 0.000676
535 4 0.0004632
535 5 0.000648
535 6 0.001956
535 7 0.0006432
535 8 0.000472
536 1 0.0007576
536 2 0.0006672
536 3 0.0007712
536 4 0.000576
536 5 0.000692
536 6 0.0024376
536 7 0.0005936
536 8 0.000616
537 1 0.000824
537 2 0.0008592
537 3 0.0008488
537 4 0.0007064
537 5 0.0007248
537 6 0.0025704
537 7 0.0005872
537 8 0.0007576
538 1 0.0008472
538 2 0.0008928
538 3 0.000912
538 4 0.0008448
538 5 0.0006896
538 6 0.0024056
538 7 0.0006592
538 8 0.0009384
539 1 0.0009432
539 2 0.0009544
539 3 0.0009864
539 4 0.0009944
539 5 0.0007112
539 6 0.0016568
539 7 0.000816
539 8 0.00104
540 1 0.0009904
540 2 0.0010088
540 3 0.00102
540 4 0.0010768
540 5 0.000824
540 6 0.0010536
540 7 0.0010424
540 8 0.0010456
541 1 0.0004152
541 2 0.0004256
541 3 0.0003968
541 4 0.0004112
541 5 0.0004208
541 6 0.000588
541 7 0.00132
541 8 0.0006224
542 1 0.000444
542 2 0.0004048
542 3 0.0003896
542 4 0.0003936
542 5 0.0003824
542 6 0.0005696
542 7 0.0012496
542 8 0.0007384
543 1 0.000448
543 2 0.000428
543 3 0.0004144
543 4 0.0004432
543 5 0.000384
543 6 0.0005592
543 7 0.0012
543 8 0.0008656
544 1 0.0004712
544 2 0.000448
544 3 0.0004272
544 4 0.0004528
544 5 0.000408
544 6 0.0004792
544 7 0.0010776
544 8 0.0010032
545 1 0.0004936
545 2 0.000436
545 3 0.0004696
545 4 0.0004544
545 5 0.0004904
545 6 0.0004664
545 7 0.0009704
545 8 0.0011712
546 1 0.0005016
546 2 0.0004856
546 3 0.0005752
546 4 0.00052
546 5 0.0005528
546 6 0.0004656
546 7 0.000892
546 8 0.0014104
547 1 0.0005448
547 2 0.0005696
547 3 0.000612
547 4 0.0005872
547 5 0.0006416
547 6 0.0004632
547 7 0.0007672
547 8 0.0018648
548 1 0.0006048
548 2 0.0006552
548 3 0.000748
548 4 0.000652
548 5 0.0007096
548 6 0.0005592
548 7 0.0006952
548 8 0.0023992
549 1 0.0006368
549 2 0.000724
549 3 0.0008016
549 4 0.0007928
549 5 0.000804
549 6 0.0007208
549 7 0.0006528
549 8 0.0030736
550 1 0.0006176
550 2 0.0008408
550 3 0.0008376
550 4 0.0009232
550 5 0.0008552
550 6 0.0008288
550 7 0.0006488
550 8 0.003712
551 1 0.0006904
551 2 0.0009768
551 3 0.0009072
551 4 0.0009936
551 5 0.0009496
551 6 0.001068
551 7 0.0007672
551 8 0.0035392
552 1 0.0008424
552 2 0.0010536
552 3 0.0009464
552 4 0.0010312
552 5 0.0010192
552 6 0.0010864
552 7 0.0009648
552 8 0.0020544
553 1 0.0011344
553 2 0.0012496
553 3 0.0010864
553 4 0.001068
553 5 0.001064
553 6 0.0011328
553 7 0.001228
553 8 0.0010152
554 1 0.0004128
554 2 0.0004032
554 3 0.0004296
554 4 0.0004048
554 5 0.0004568
554 6 0.000684
554 7 0.0012
554 8 0.0006096
555 1 0.0004024
555 2 0.0004352
555 3 0.0004216
555 4 0.000476
555 5 0.000448
555 6 0.0008168
555 7 0.0011928
555 8 0.0005424
556 1 0.0004552
556 2 0.0004456
556 3 0.0004488
556 4 0.0004256
556 5 0.0004656
556 6 0.000964
556 7 0.001072
556 8 0.0005264
557 1 0.0005504
557 2 0.0004944
557 3 0.0004896
557 4 0.0004688
557 5 0.0005072
557 6 0.0011936
557 7 0.0009576
557 8 0.0004688
558 1 0.0005824
558 2 0.0005632
558 3 0.0005832
558 4 0.0005304
558 5 0.00056
558 6 0.0015
558 7 0.0008416
558 8 0.0004576
559 1 0.0006264
559 2 0.0005648
559 3 0.0006336
559 4 0.000556
559 5 0.0005816
559 6 0.0018464
559 7 0.0008104
559 8 0.0004752
560 1 0.0007096
560 2 0.0006744
560 3 0.0007448
560 4 0.0006472
560 5 0.0006032
560 6 0.0023432
560 7 0.0006664
560 8 0.0006008
561 1 0.0007872
561 2 0.000792
561 3 0.0007888
561 4 0.0007296
561 5 0.0006032
561 6 0.0030728
561 7 0.00062
561 8 0.0007344
562 1 0.0008096
562 2 0.000904
562 3 0.0009072
562 4 0.0008128
562 5 0.0006328
562 6 0.0037984
562 7 0.000628
562 8 0.000844
563 1 0.0009344
563 2 0.0009784
563 3 0.0009368
563 4 0.0009424
563 5 0.0007216
563 6 0.0035176
563 7 0.0006912
563 8 0.0010104
564 1 0.0010104
564 2 0.0010392
564 3 0.0009744
564 4 0.0011416
564 5 0.0008352
564 6 0.002044
564 7 0.0009384
564 8 0.0010448
565 1 0.0011376
565 2 0.0010752
565 3 0.001112
565 4 0.0012312
565 5 0.001176
565 6 0.0010152
565 7 0.0012528
565 8 0.0011512
566 1 0.0004248
566 2 0.0005376
566 3 0.0004872
566 4 0.0005184
566 5 0.000416
566 6 0.0006536
566 7 0.0016216
566 8 0.0006504
567 1 0.000424
567 2 0.0005096
567 3 0.0004712
567 4 0.0005352
567 5 0.000428
567 6 0.0005848
567 7 0.0016136
567 8 0.0007312
568 1 0.0004576
568 2 0.000516
568 3 0.0004744
568 4 0.0005728
568 5 0.0004768
568 6 0.0005176
568 7 0.001488
568 8 0.0008552
569 1 0.0004656
569 2 0.0005848
569 3 0.000536
569 4 0.0005616
569 5 0.0005504
569 6 0.0004784
569 7 0.0012456
569 8 0.0008976
570 1 0.0005352
570 2 0.0006304
570 3 0.0005704
570 4 0.0006056
570 5 0.0006088
570 6 0.000476
570 7 0.0011072
570 8 0.0011968
571 1 0.0005656
571 2 0.0006408
571 3 0.0006584
571 4 0.0006624
571 5 0.0006408
571 6 0.000476
571 7 0.0009688
571 8 0.0014912
572 1 0.0005408
572 2 0.0007232
572 3 0.000716
572 4 0.000744
572 5 0.0007664
572 6 0.0005352
572 7 0.0008
572 8 0.001864
573 1 0.0005784
573 2 0.0007896
573 3 0.0008104
573 4 0.0008048
573 5 0.0008224
573 6 0.0006568
573 7 0.0007152
573 8 0.0026152
574 1 0.0006296
574 2 0.00092
574 3 0.0008464
574 4 0.000912
574 5 0.0008928
574 6 0.0008096
574 7 0.0006176
574 8 0.0037448
575 1 0.0006296
575 2 0.0009888
575 3 0.0009488
575 4 0.000976
575 5 0.0008808
575 6 0.000972
575 7 0.0007312
575 8 0.0058696
576 1 0.0008168
576 2 0.0011264
576 3 0.0009928
576 4 0.0010544
576 5 0.0009344
576 6 0.0010664
576 7 0.0008696
576 8 0.006716
577 1 0.0010616
577 2 0.0011256
577 3 0.0010552
577 4 0.0010544
577 5 0.0010056
577 6 0.0011048
577 7 0.0011392
577 8 0.0020296
578 1 0.000456
578 2 0.0005472
578 3 0.0004912
578 4 0.0005488
578 5 0.0004536
578 6 0.0007432
578 7 0.001572
578 8 0.0005536
579 1 0.0004728
579 2 0.0005568
579 3 0.000536
579 4 0.0005688
579 5 0.0004136
579 6 0.0008688
579 7 0.0014384
579 8 0.000532
580 1 0.0005584
580 2 0.0005336
580 3 0.0005544
580 4 0.000544
580 5 0.0004648
580 6 0.000932
580 7 0.0012224
580 8 0.0005152
581 1 0.0006032
581 2 0.000604
581 3 0.0006256
581 4 0.0006032
581 5 0.000504
581 6 0.0011736
581 7 0.0010592
581 8 0.0004824
582 1 0.0006624
582 2 0.0006496
582 3 0.0006624
582 4 0.0006256
582 5 0.0005152
582 6 0.0015448
582 7 0.0009608
582 8 0.000476
583 1 0.0007648
583 2 0.0007528
583 3 0.0007408
583 4 0.000656
583 5 0.0005592
583 6 0.0018616
583 7 0.0007688
583 8 0.0005744
584 1 0.000828
584 2 0.000776
584 3 0.00084
584 4 0.0008512
584 5 0.0006192
584 6 0.002588
584 7 0.000716
584 8 0.0006776
585 1 0.000916
585 2 0.0009192
585 3 0.0008296
585 4 0.0008712
585 5 0.0005904
585 6 0.0038896
585 7 0.0006496
585 8 0.0008888
586 1 0.0009096
586 2 0.0009616
586 3 0.0009264
586 4 0.00096
586 5 0.0006888
586 6 0.0058656
586 7 0.000684
586 8 0.0009872
587 1 0.000948
587 2 0.0010304
587 3 0.0009456
587 4 0.0010904
587 5 0.00082
587 6 0.0067072
587 7 0.0008768
587 8 0.0010728
588 1 0.0010304
588 2 0.0010328
588 3 0.0010464
588 4 0.0011584
588 5 0.0010256
588 6 0.0020256
588 7 0.0011104
588 8 0.0011328
589 1 0.0005248
589 2 0.0006168
589 3 0.0005528
589 4 0.0006248
589 5 0.00052
589 6 0.0006336
589 7 0.002036
589 8 0.0006272
590 1 0.00052
590 2 0.0006688
590 3 0.0005776
590 4 0.0006976
590 5 0.0005456
590 6 0.0006024
590 7 0.0019864
590 8 0.000696
591 1 0.000528
591 2 0.0006784
591 3 0.0006016
591 4 0.00068
591 5 0.0005864
591 6 0.0005584
591 7 0.0017144
591 8 0.0007832
592 1 0.0005128
592 2 0.000724
592 3 0.0006472
592 4 0.0006976
592 5 0.000688
592 6 0.0005128
592 7 0.0014608
592 8 0.0009728
593 1 0.000508
593 2 0.00074
593 3 0.0007576
593 4 0.00066
593 5 0.00074
593 6 0.000524
593 7 0.001184
593 8 0.0011048
594 1 0.0005864
594 2 0.000796
594 3 0.0008256
594 4 0.0007784
594 5 0.0007984
594 6 0.0005696
594 7 0.0009824
594 8 0.0013776
595 1 0.0005808
595 2 0.0008824
595 3 0.000844
595 4 0.0008744
595 5 0.0008328
595 6 0.0006872
595 7 0.000856
595 8 0.0017424
596 1 0.0006896
596 2 0.0009496
596 3 0.0008568
596 4 0.0008872
596 5 0.0009136
596 6 0.0008104
596 7 0.0007128
596 8 0.0022768
597 1 0.0007632
597 2 0.0010248
597 3 0.000908
597 4 0.0009616
597 5 0.0009384
597 6 0.000928
597 7 0.0006592
597 8 0.0035616
598 1 0.0008336
598 2 0.0010632
598 3 0.0009488
598 4 0.0010576
598 5 0.0009648
598 6 0.001044
598 7 0.0008064
598 8 0.0066472
599 1 0.001056
599 2 0.0010984
599 3 0.001004
599 4 0.0010744
599 5 0.00102
599 6 0.0011144
599 7 0.0010456
599 8 0.0181032
600 1 0.0005224
600 2 0.0006376
600 3 0.0005968
600 4 0.0007152
600 5 0.0005344
600 6 0.0006888
600 7 0.001976
600 8 0.0005664
601 1 0.000624
601 2 0.0006728
601 3 0.000656
601 4 0.0006168
601 5 0.0004904
601 6 0.0008464
601 7 0.001764
601 8 0.0005336
602 1 0.0007192
602 2 0.0006944
602 3 0.0006784
602 4 0.0007328
602 5 0.0005232
602 6 0.0009248
602 7 0.0014408
602 8 0.0005544
603 1 0.000676
603 2 0.0007144
603 3 0.000752
603 4 0.00076
603 5 0.0005512
603 6 0.0011336
603 7 0.001164
603 8 0.0005536
604 1 0.0007656
604 2 0.0007568
604 3 0.0007728
604 4 0.000788
604 5 0.000524
604 6 0.0013344
604 7 0.0009384
604 8 0.000572
605 1 0.000872
605 2 0.000852
605 3 0.0008176
605 4 0.0008728
605 5 0.0005568
605 6 0.0017712
605 7 0.000816
605 8 0.0007152
606 1 0.0009312
606 2 0.0008488
606 3 0.0008536
606 4 0.0009872
606 5 0.0006776
606 6 0.0022936
606 7 0.0007584
606 8 0.0008432
607 1 0.00092
607 2 0.0009544
607 3 0.0009104
607 4 0.0010304
607 5 0.0007336
607 6 0.003524
607 7 0.0006424
607 8 0.000932
608 1 0.00094
608 2 0.0010568
608 3 0.0010008
608 4 0.001104
608 5 0.0008616
608 6 0.0066256
608 7 0.0008336
608 8 0.0010848
609 1 0.0010512
609 2 0.001072
609 3 0.0009912
609 4 0.001116
609 5 0.0010752
609 6 0.0184816
609 7 0.0010952
609 8 0.0011456
610 1 0.0007184
610 2 0.0008184
610 3 0.0007008
610 4 0.0008008
610 5 0.0006904
610 6 0.0006288
610 7 0.0027112
610 8 0.0006328
611 1 0.0006544
611 2 0.0007496
611 3 0.000724
611 4 0.000808
611 5 0.0006616
611 6 0.000576
611 7 0.002528
611 8 0.000704
612 1 0.00066
612 2 0.0007704
612 3 0.0007544
612 4 0.0007576
612 5 0.0007656
612 6 0.00062
612 7 0.0020936
612 8 0.0008368
613 1 0.00062
613 2 0.0008488
613 3 0.0007624
613 4 0.0007896
613 5 0.0008096
613 6 0.0005776
613 7 0.0016112
613 8 0.0008632
614 1 0.0006568
614 2 0.0008448
614 3 0.000852
614 4 0.0008392
614 5 0.0008336
614 6 0.0005784
614 7 0.0012016
614 8 0.0010016
615 1 0.0007056
615 2 0.0008752
615 3 0.0008616
615 4 0.0008736
615 5 0.0009144
615 6 0.0007032
615 7 0.0010008
615 8 0.0011936
616 1 0.0007224
616 2 0.0010088
616 3 0.0009016
616 4 0.0008872
616 5 0.0008928
616 6 0.0008384
616 7 0.0008208
616 8 0.001376
617 1 0.0008392
617 2 0.001036
617 3 0.0009792
617 4 0.0009608
617 5 0.0009944
617 6 0.0009816
617 7 0.000712
617 8 0.0016904
618 1 0.0009976
618 2 0.0010992
618 3 0.0009512
618 4 0.001
618 5 0.0009896
618 6 0.0010728
618 7 0.0008376
618 8 0.002032
619 1 0.0011392
619 2 0.0011544
619 3 0.0009928
619 4 0.001132
619 5 0.0010328
619 6 0.0011528
619 7 0.001056
619 8 0.002028
620 1 0.0007184
620 2 0.0008016
620 3 0.0007376
620 4 0.0007912
620 5 0.0006168
620 6 0.0007232
620 7 0.002524
620 8 0.0006016
621 1 0.0007592
621 2 0.0007928
621 3 0.0007552
621 4 0.0008128
621 5 0.000616
621 6 0.0007608
621 7 0.0020992
621 8 0.0005672
622 1 0.0008152
622 2 0.00078
622 3 0.0008072
622 4 0.0008088
622 5 0.0006544
622 6 0.0008384
622 7 0.0016048
622 8 0.0005456
623 1 0.000872
623 2 0.0008216
623 3 0.0008416
623 4 0.0008944
623 5 0.0006352
623 6 0.0009608
623 7 0.0012616
623 8 0.0006728
624 1 0.000912
624 2 0.0008512
624 3 0.0008728
624 4 0.0009048
624 5 0.0006528
624 6 0.0010944
624 7 0.0009824
624 8 0.0007392
625 1 0.0009712
625 2 0.000956
625 3 0.0009048
625 4 0.0009576
625 5 0.0007312
625 6 0.0013712
625 7 0.0007536
625 8 0.0008304
626 1 0.0009864
626 2 0.0010096
626 3 0.0009408
626 4 0.0010296
626 5 0.000824
626 6 0.0016272
626 7 0.0007336
626 8 0.0009976
627 1 0.0009688
627 2 0.0010528
627 3 0.0010232
627 4 0.0010736
627 5 0.0009464
627 6 0.002024
627 7 0.0008448
627 8 0.0011064
628 1 0.0010368
628 2 0.0010976
628 3 0.0010176
628 4 0.0011248
628 5 0.0010928
628 6 0.0020472
628 7 0.0010296
628 8 0.0011608
629 1 0.0008656
629 2 0.000916
629 3 0.0008304
629 4 0.0008448
629 5 0.0008464
629 6 0.0006192
629 7 0.0040432
629 8 0.0005928
630 1 0.000812
630 2 0.0008616
630 3 0.0008896
630 4 0.0008944
630 5 0.0009048
630 6 0.000652
630 7 0.0036256
630 8 0.0006688
631 1 0.0008344
631 2 0.0008832
631 3 0.0008824
631 4 0.0008424
631 5 0.0009144
631 6 0.0006952
631 7 0.0024712
631 8 0.0007304
632 1 0.0007864
632 2 0.0008776
632 3 0.0009296
632 4 0.0008832
632 5 0.0009568
632 6 0.0007
632 7 0.0017088
632 8 0.0007912
633 1 0.0008496
633 2 0.0009272
633 3 0.0008968
633 4 0.0008808
633 5 0.0010048
633 6 0.0007856
633 7 0.0011752
633 8 0.0008632
634 1 0.0008696
634 2 0.0010224
634 3 0.0009408
634 4 0.0008864
634 5 0.0010016
634 6 0.0009192
634 7 0.000916
634 8 0.0009056
635 1 0.0009656
635 2 0.0010152
635 3 0.0009584
635 4 0.0009456
635 5 0.0010208
635 6 0.0010032
635 7 0.00078
635 8 0.0009768
636 1 0.0010472
636 2 0.001076
636 3 0.0010024
636 4 0.0010128
636 5 0.001024
636 6 0.0011168
636 7 0.0008992
636 8 0.0010424
637 1 0.001236
637 2 0.0011376
637 3 0.0009936
637 4 0.0010744
637 5 0.0010752
637 6 0.001224
637 7 0.0011224
637 8 0.001008
638 1 0.0008888
638 2 0.0008624
638 3 0.0009016
638 4 0.000848
638 5 0.0008088
638 6 0.000672
638 7 0.0034456
638 8 0.000604
639 1 0.0009296
639 2 0.0008488
639 3 0.0008656
639 4 0.000916
639 5 0.0007856
639 6 0.0007168
639 7 0.0024328
639 8 0.0006416
640 1 0.0009096
640 2 0.0008696
640 3 0.00092
640 4 0.0009352
640 5 0.0008624
640 6 0.0007648
640 7 0.001644
640 8 0.0006952
641 1 0.0009952
641 2 0.0009008
641 3 0.0009216
641 4 0.0009736
641 5 0.0008792
641 6 0.0008232
641 7 0.0011816
641 8 0.0007984
642 1 0.0010264
642 2 0.0009624
642 3 0.0009608
642 4 0.0010288
642 5 0.0009104
642 6 0.0008824
642 7 0.0009256
642 8 0.0008856
643 1 0.0009824
643 2 0.0009976
643 3 0.000932
643 4 0.000972
643 5 0.0010224
643 6 0.0010056
643 7 0.0008376
643 8 0.0010368
644 1 0.0010208
644 2 0.0010312
644 3 0.0009952
644 4 0.001004
644 5 0.0010664
644 6 0.0010432
644 7 0.0008656
644 8 0.0011744
645 1 0.0010488
645 2 0.0010728
645 3 0.0010592
645 4 0.001124
645 5 0.0011744
645 6 0.001048
645 7 0.0011576
645 8 0.0011864
646 1 0.0010424
646 2 0.0008768
646 3 0.0010592
646 4 0.0009456
646 5 0.0010448
646 6 0.000724
646 7 0.007116
646 8 0.0007832
647 1 0.0009736
647 2 0.0009304
647 3 0.0010584
647 4 0.0008888
647 5 0.0010904
647 6 0.0007712
647 7 0.0048912
647 8 0.0007472
648 1 0.0010584
648 2 0.0009448
648 3 0.001028
648 4 0.0009384
648 5 0.0010176
648 6 0.000836
648 7 0.00256
648 8 0.0007944
649 1 0.0010248
649 2 0.001012
649 3 0.0010048
649 4 0.0009544
649 5 0.0010528
649 6 0.0008512
649 7 0.0015088
649 8 0.0008
650 1 0.0010808
650 2 0.0010248
650 3 0.0009896
650 4 0.0009856
650 5 0.0009936
650 6 0.0010272
650 7 0.0009472
650 8 0.000792
651 1 0.0010952
651 2 0.0010792
651 3 0.001
651 4 0.0009936
651 5 0.0010376
651 6 0.0011472
651 7 0.0008904
651 8 0.0008736
652 1 0.0011648
652 2 0.0010928
652 3 0.001048
652 4 0.0010424
652 5 0.0010376
652 6 0.0011568
652 7 0.000956
652 8 0.0009936
653 1 0.001072
653 2 0.0009608
653 3 0.0010272
653 4 0.000912
653 5 0.0010232
653 6 0.000716
653 7 0.0047968
653 8 0.0007912
654 1 0.001088
654 2 0.00092
654 3 0.0010416
654 4 0.0009648
654 5 0.0010048
654 6 0.0007216
654 7 0.002496
654 8 0.000828
655 1 0.0010944
655 2 0.0009128
655 3 0.0010168
655 4 0.0009264
655 5 0.0010024
655 6 0.0007976
655 7 0.0014768
655 8 0.000936
656 1 0.001008
656 2 0.0009576
656 3 0.00098
656 4 0.000956
656 5 0.0010632
656 6 0.0008616
656 7 0.0010104
656 8 0.0009928
657 1 0.0010232
657 2 0.0010328
657 3 0.0010472
657 4 0.0010008
657 5 0.0011224
657 6 0.0009016
657 7 0.000904
657 8 0.001064
658 1 0.0010416
658 2 0.00102
658 3 0.0010504
658 4 0.0010592
658 5 0.001176
658 6 0.0009872
658 7 0.0009408
658 8 0.0011456
659 1 0.0010568
659 2 0.0009824
659 3 0.0010824
659 4 0.0010008
659 5 0.0010632
659 6 0.0010768
659 7 0.0183352
659 8 0.0010288
660 1 0.0011632
660 2 0.0009736
660 3 0.0010656
660 4 0.0009984
660 5 0.0010808
660 6 0.0010528
660 7 0.0041936
660 8 0.0010224
661 1 0.0011248
661 2 0.001044
661 3 0.001076
661 4 0.0009488
661 5 0.0010832
661 6 0.0010568
661 7 0.0014736
661 8 0.0010168
662 1 0.0011568
662 2 0.0010424
662 3 0.0010552
662 4 0.0010048
662 5 0.001116
662 6 0.001224
662 7 0.0010408
662 8 0.0010448
663 1 0.001104
663 2 0.0010104
663 3 0.001076
663 4 0.0010088
663 5 0.0011208
663 6 0.0009648
663 7 0.0042072
663 8 0.0010048
664 1 0.0010952
664 2 0.001032
664 3 0.0010432
664 4 0.0010312
664 5 0.0011712
664 6 0.0009896
664 7 0.001488
664 8 0.0011632
665 1 0.0011112
665 2 0.0010392
665 3 0.00104
665 4 0.0010464
665 5 0.0011512
665 6 0.001044
665 7 0.001016
665 8 0.0011584
