pixelID x y
1 0 0
2 1.0 0
3 2.0 0
4 3.0 0
5 4.0 0
6 5.0 0
7 6.0 0
8 7.0 0
9 8.0 0
10 9.0 0
11 10.0 0
12 11.0 0
13 12.0 0
14 13.0 0
15 14.0 0
16 -1.0 0
17 -2.0 0
18 -3.0 0
19 -4.0 0
20 -5.0 0
21 -6.0 0
22 -7.0 0
23 -8.0 0
24 -9.0 0
25 -10.0 0
26 -11.0 0
27 -12.0 0
28 -13.0 0
29 -14.0 0
30 0 1.0
31 1.0 1.0
32 2.0 1.0
33 3.0 1.0
34 4.0 1.0
35 5.0 1.0
36 6.0 1.0
37 7.0 1.0
38 8.0 1.0
39 9.0 1.0
40 10.0 1.0
41 11.0 1.0
42 12.0 1.0
43 13.0 1.0
44 14.0 1.0
45 -1.0 1.0
46 -2.0 1.0
47 -3.0 1.0
48 -4.0 1.0
49 -5.0 1.0
50 -6.0 1.0
51 -7.0 1.0
52 -8.0 1.0
53 -9.0 1.0
54 -10.0 1.0
55 -11.0 1.0
56 -12.0 1.0
57 -13.0 1.0
58 -14.0 1.0
59 0 2.0
60 1.0 2.0
61 2.0 2.0
62 3.0 2.0
63 4.0 2.0
64 5.0 2.0
65 6.0 2.0
66 7.0 2.0
67 8.0 2.0
68 9.0 2.0
69 10.0 2.0
70 11.0 2.0
71 12.0 2.0
72 13.0 2.0
73 14.0 2.0
74 -1.0 2.0
75 -2.0 2.0
76 -3.0 2.0
77 -4.0 2.0
78 -5.0 2.0
79 -6.0 2.0
80 -7.0 2.0
81 -8.0 2.0
82 -9.0 2.0
83 -10.0 2.0
84 -11.0 2.0
85 -12.0 2.0
86 -13.0 2.0
87 -14.0 2.0
88 0 3.0
89 1.0 3.0
90 2.0 3.0
91 3.0 3.0
92 4.0 3.0
93 5.0 3.0
94 6.0 3.0
95 7.0 3.0
96 8.0 3.0
97 9.0 3.0
98 10.0 3.0
99 11.0 3.0
100 12.0 3.0
101 13.0 3.0
102 14.0 3.0
103 -1.0 3.0
104 -2.0 3.0
105 -3.0 3.0
106 -4.0 3.0
107 -5.0 3.0
108 -6.0 3.0
109 -7.0 3.0
110 -8.0 3.0
111 -9.0 3.0
112 -10.0 3.0
113 -11.0 3.0
114 -12.0 3.0
115 -13.0 3.0
116 -14.0 3.0
117 0 4.0
118 1.0 4.0
119 2.0 4.0
120 3.0 4.0
121 4.0 4.0
122 5.0 4.0
123 6.0 4.0
124 7.0 4.0
125 8.0 4.0
126 9.0 4.0
127 10.0 4.0
128 11.0 4.0
129 12.0 4.0
130 13.0 4.0
131 14.0 4.0
132 -1.0 4.0
133 -2.0 4.0
134 -3.0 4.0
135 -4.0 4.0
136 -5.0 4.0
137 -6.0 4.0
138 -7.0 4.0
139 -8.0 4.0
140 -9.0 4.0
141 -10.0 4.0
142 -11.0 4.0
143 -12.0 4.0
144 -13.0 4.0
145 -14.0 4.0
146 0 5.0
147 1.0 5.0
148 2.0 5.0
149 3.0 5.0
150 4.0 5.0
151 5.0 5.0
152 6.0 5.0
153 7.0 5.0
154 8.0 5.0
155 9.0 5.0
156 10.0 5.0
157 11.0 5.0
158 12.0 5.0
159 13.0 5.0
160 14.0 5.0
161 -1.0 5.0
162 -2.0 5.0
163 -3.0 5.0
164 -4.0 5.0
165 -5.0 5.0
166 -6.0 5.0
167 -7.0 5.0
168 -8.0 5.0
169 -9.0 5.0
170 -10.0 5.0
171 -11.0 5.0
172 -12.0 5.0
173 -13.0 5.0
174 -14.0 5.0
175 0 6.0
176 1.0 6.0
177 2.0 6.0
178 3.0 6.0
179 4.0 6.0
180 5.0 6.0
181 6.0 6.0
182 7.0 6.0
183 8.0 6.0
184 9.0 6.0
185 10.0 6.0
186 11.0 6.0
187 12.0 6.0
188 13.0 6.0
189 -1.0 6.0
190 -2.0 6.0
191 -3.0 6.0
192 -4.0 6.0
193 -5.0 6.0
194 -6.0 6.0
195 -7.0 6.0
196 -8.0 6.0
197 -9.0 6.0
198 -10.0 6.0
199 -11.0 6.0
200 -12.0 6.0
201 -13.0 6.0
202 0 7.0
203 1.0 7.0
204 2.0 7.0
205 3.0 7.0
206 4.0 7.0
207 5.0 7.0
208 6.0 7.0
209 7.0 7.0
210 8.0 7.0
211 9.0 7.0
212 10.0 7.0
213 11.0 7.0
214 12.0 7.0
215 13.0 7.0
216 -1.0 7.0
217 -2.0 7.0
218 -3.0 7.0
219 -4.0 7.0
220 -5.0 7.0
221 -6.0 7.0
222 -7.0 7.0
223 -8.0 7.0
224 -9.0 7.0
225 -10.0 7.0
226 -11.0 7.0
227 -12.0 7.0
228 -13.0 7.0
229 0 8.0
230 1.0 8.0
231 2.0 8.0
232 3.0 8.0
233 4.0 8.0
234 5.0 8.0
235 6.0 8.0
236 7.0 8.0
237 8.0 8.0
238 9.0 8.0
239 10.0 8.0
240 11.0 8.0
241 12.0 8.0
242 -1.0 8.0
243 -2.0 8.0
244 -3.0 8.0
245 -4.0 8.0
246 -5.0 8.0
247 -6.0 8.0
248 -7.0 8.0
249 -8.0 8.0
250 -9.0 8.0
251 -10.0 8.0
252 -11.0 8.0
253 -12.0 8.0
254 0 9.0
255 1.0 9.0
256 2.0 9.0
257 3.0 9.0
258 4.0 9.0
259 5.0 9.0
260 6.0 9.0
261 7.0 9.0
262 8.0 9.0
263 9.0 9.0
264 10.0 9.0
265 11.0 9.0
266 -1.0 9.0
267 -2.0 9.0
268 -3.0 9.0
269 -4.0 9.0
270 -5.0 9.0
271 -6.0 9.0
272 -7.0 9.0
273 -8.0 9.0
274 -9.0 9.0
275 -10.0 9.0
276 -11.0 9.0
277 0 10.0
278 1.0 10.0
279 2.0 10.0
280 3.0 10.0
281 4.0 10.0
282 5.0 10.0
283 6.0 10.0
284 7.0 10.0
285 8.0 10.0
286 9.0 10.0
287 10.0 10.0
288 11.0 10.0
289 -1.0 10.0
290 -2.0 10.0
291 -3.0 10.0
292 -4.0 10.0
293 -5.0 10.0
294 -6.0 10.0
295 -7.0 10.0
296 -8.0 10.0
297 -9.0 10.0
298 -10.0 10.0
299 -11.0 10.0
300 0 11.0
301 1.0 11.0
302 2.0 11.0
303 3.0 11.0
304 4.0 11.0
305 5.0 11.0
306 6.0 11.0
307 7.0 11.0
308 8.0 11.0
309 9.0 11.0
310 10.0 11.0
311 -1.0 11.0
312 -2.0 11.0
313 -3.0 11.0
314 -4.0 11.0
315 -5.0 11.0
316 -6.0 11.0
317 -7.0 11.0
318 -8.0 11.0
319 -9.0 11.0
320 -10.0 11.0
321 0 12.0
322 1.0 12.0
323 2.0 12.0
324 3.0 12.0
325 4.0 12.0
326 5.0 12.0
327 6.0 12.0
328 7.0 12.0
329 8.0 12.0
330 -1.0 12.0
331 -2.0 12.0
332 -3.0 12.0
333 -4.0 12.0
334 -5.0 12.0
335 -6.0 12.0
336 -7.0 12.0
337 -8.0 12.0
338 0 13.0
339 1.0 13.0
340 2.0 13.0
341 3.0 13.0
342 4.0 13.0
343 5.0 13.0
344 6.0 13.0
345 7.0 13.0
346 -1.0 13.0
347 -2.0 13.0
348 -3.0 13.0
349 -4.0 13.0
350 -5.0 13.0
351 -6.0 13.0
352 -7.0 13.0
353 0 14.0
354 1.0 14.0
355 2.0 14.0
356 3.0 14.0
357 4.0 14.0
358 5.0 14.0
359 -1.0 14.0
360 -2.0 14.0
361 -3.0 14.0
362 -4.0 14.0
363 -5.0 14.0
364 0 -1.0
365 1.0 -1.0
366 2.0 -1.0
367 3.0 -1.0
368 4.0 -1.0
369 5.0 -1.0
370 6.0 -1.0
371 7.0 -1.0
372 8.0 -1.0
373 9.0 -1.0
374 10.0 -1.0
375 11.0 -1.0
376 12.0 -1.0
377 13.0 -1.0
378 14.0 -1.0
379 -1.0 -1.0
380 -2.0 -1.0
381 -3.0 -1.0
382 -4.0 -1.0
383 -5.0 -1.0
384 -6.0 -1.0
385 -7.0 -1.0
386 -8.0 -1.0
387 -9.0 -1.0
388 -10.0 -1.0
389 -11.0 -1.0
390 -12.0 -1.0
391 -13.0 -1.0
392 -14.0 -1.0
393 0 -2.0
394 1.0 -2.0
395 2.0 -2.0
396 3.0 -2.0
397 4.0 -2.0
398 5.0 -2.0
399 6.0 -2.0
400 7.0 -2.0
401 8.0 -2.0
402 9.0 -2.0
403 10.0 -2.0
404 11.0 -2.0
405 12.0 -2.0
406 13.0 -2.0
407 14.0 -2.0
408 -1.0 -2.0
409 -2.0 -2.0
410 -3.0 -2.0
411 -4.0 -2.0
412 -5.0 -2.0
413 -6.0 -2.0
414 -7.0 -2.0
415 -8.0 -2.0
416 -9.0 -2.0
417 -10.0 -2.0
418 -11.0 -2.0
419 -12.0 -2.0
420 -13.0 -2.0
421 -14.0 -2.0
422 0 -3.0
423 1.0 -3.0
424 2.0 -3.0
425 3.0 -3.0
426 4.0 -3.0
427 5.0 -3.0
428 6.0 -3.0
429 7.0 -3.0
430 8.0 -3.0
431 9.0 -3.0
432 10.0 -3.0
433 11.0 -3.0
434 12.0 -3.0
435 13.0 -3.0
436 14.0 -3.0
437 -1.0 -3.0
438 -2.0 -3.0
439 -3.0 -3.0
440 -4.0 -3.0
441 -5.0 -3.0
442 -6.0 -3.0
443 -7.0 -3.0
444 -8.0 -3.0
445 -9.0 -3.0
446 -10.0 -3.0
447 -11.0 -3.0
448 -12.0 -3.0
449 -13.0 -3.0
450 -14.0 -3.0
451 0 -4.0
452 1.0 -4.0
453 2.0 -4.0
454 3.0 -4.0
455 4.0 -4.0
456 5.0 -4.0
457 6.0 -4.0
458 7.0 -4.0
459 8.0 -4.0
460 9.0 -4.0
461 10.0 -4.0
462 11.0 -4.0
463 12.0 -4.0
464 13.0 -4.0
465 14.0 -4.0
466 -1.0 -4.0
467 -2.0 -4.0
468 -3.0 -4.0
469 -4.0 -4.0
470 -5.0 -4.0
471 -6.0 -4.0
472 -7.0 -4.0
473 -8.0 -4.0
474 -9.0 -4.0
475 -10.0 -4.0
476 -11.0 -4.0
477 -12.0 -4.0
478 -13.0 -4.0
479 -14.0 -4.0
480 0 -5.0
481 1.0 -5.0
482 2.0 -5.0
483 3.0 -5.0
484 4.0 -5.0
485 5.0 -5.0
486 6.0 -5.0
487 7.0 -5.0
488 8.0 -5.0
489 9.0 -5.0
490 10.0 -5.0
491 11.0 -5.0
492 12.0 -5.0
493 13.0 -5.0
494 14.0 -5.0
495 -1.0 -5.0
496 -2.0 -5.0
497 -3.0 -5.0
498 -4.0 -5.0
499 -5.0 -5.0
500 -6.0 -5.0
501 -7.0 -5.0
502 -8.0 -5.0
503 -9.0 -5.0
504 -10.0 -5.0
505 -11.0 -5.0
506 -12.0 -5.0
507 -13.0 -5.0
508 -14.0 -5.0
509 0 -6.0
510 1.0 -6.0
511 2.0 -6.0
512 3.0 -6.0
513 4.0 -6.0
514 5.0 -6.0
515 6.0 -6.0
516 7.0 -6.0
517 8.0 -6.0
518 9.0 -6.0
519 10.0 -6.0
520 11.0 -6.0
521 12.0 -6.0
522 13.0 -6.0
523 -1.0 -6.0
524 -2.0 -6.0
525 -3.0 -6.0
526 -4.0 -6.0
527 -5.0 -6.0
528 -6.0 -6.0
529 -7.0 -6.0
530 -8.0 -6.0
531 -9.0 -6.0
532 -10.0 -6.0
533 -11.0 -6.0
534 -12.0 -6.0
535 -13.0 -6.0
536 0 -7.0
537 1.0 -7.0
538 2.0 -7.0
539 3.0 -7.0
540 4.0 -7.0
541 5.0 -7.0
542 6.0 -7.0
543 7.0 -7.0
544 8.0 -7.0
545 9.0 -7.0
546 10.0 -7.0
547 11.0 -7.0
548 12.0 -7.0
549 13.0 -7.0
550 -1.0 -7.0
551 -2.0 -7.0
552 -3.0 -7.0
553 -4.0 -7.0
554 -5.0 -7.0
555 -6.0 -7.0
556 -7.0 -7.0
557 -8.0 -7.0
558 -9.0 -7.0
559 -10.0 -7.0
560 -11.0 -7.0
561 -12.0 -7.0
562 -13.0 -7.0
563 0 -8.0
564 1.0 -8.0
565 2.0 -8.0
566 3.0 -8.0
567 4.0 -8.0
568 5.0 -8.0
569 6.0 -8.0
570 7.0 -8.0
571 8.0 -8.0
572 9.0 -8.0
573 10.0 -8.0
574 11.0 -8.0
575 12.0 -8.0
576 -1.0 -8.0
577 -2.0 -8.0
578 -3.0 -8.0
579 -4.0 -8.0
580 -5.0 -8.0
581 -6.0 -8.0
582 -7.0 -8.0
583 -8.0 -8.0
584 -9.0 -8.0
585 -10.0 -8.0
586 -11.0 -8.0
587 -12.0 -8.0
588 0 -9.0
589 1.0 -9.0
590 2.0 -9.0
591 3.0 -9.0
592 4.0 -9.0
593 5.0 -9.0
594 6.0 -9.0
595 7.0 -9.0
596 8.0 -9.0
597 9.0 -9.0
598 10.0 -9.0
599 11.0 -9.0
600 -1.0 -9.0
601 -2.0 -9.0
602 -3.0 -9.0
603 -4.0 -9.0
604 -5.0 -9.0
605 -6.0 -9.0
606 -7.0 -9.0
607 -8.0 -9.0
608 -9.0 -9.0
609 -10.0 -9.0
610 -11.0 -9.0
611 0 -10.0
612 1.0 -10.0
613 2.0 -10.0
614 3.0 -10.0
615 4.0 -10.0
616 5.0 -10.0
617 6.0 -10.0
618 7.0 -10.0
619 8.0 -10.0
620 9.0 -10.0
621 10.0 -10.0
622 11.0 -10.0
623 -1.0 -10.0
624 -2.0 -10.0
625 -3.0 -10.0
626 -4.0 -10.0
627 -5.0 -10.0
628 -6.0 -10.0
629 -7.0 -10.0
630 -8.0 -10.0
631 -9.0 -10.0
632 -10.0 -10.0
633 -11.0 -10.0
634 0 -11.0
635 1.0 -11.0
636 2.0 -11.0
637 3.0 -11.0
638 4.0 -11.0
639 5.0 -11.0
640 6.0 -11.0
641 7.0 -11.0
642 8.0 -11.0
643 9.0 -11.0
644 10.0 -11.0
645 -1.0 -11.0
646 -2.0 -11.0
647 -3.0 -11.0
648 -4.0 -11.0
649 -5.0 -11.0
650 -6.0 -11.0
651 -7.0 -11.0
652 -8.0 -11.0
653 -9.0 -11.0
654 -10.0 -11.0
655 0 -12.0
656 1.0 -12.0
657 2.0 -12.0
658 3.0 -12.0
659 4.0 -12.0
660 5.0 -12.0
661 6.0 -12.0
662 7.0 -12.0
663 8.0 -12.0
664 -1.0 -12.0
665 -2.0 -12.0
666 -3.0 -12.0
667 -4.0 -12.0
668 -5.0 -12.0
669 -6.0 -12.0
670 -7.0 -12.0
671 -8.0 -12.0
672 0 -13.0
673 1.0 -13.0
674 2.0 -13.0
675 3.0 -13.0
676 4.0 -13.0
677 5.0 -13.0
678 6.0 -13.0
679 7.0 -13.0
680 -1.0 -13.0
681 -2.0 -13.0
682 -3.0 -13.0
683 -4.0 -13.0
684 -5.0 -13.0
685 -6.0 -13.0
686 -7.0 -13.0
687 0 -14.0
688 1.0 -14.0
689 2.0 -14.0
690 3.0 -14.0
691 4.0 -14.0
692 5.0 -14.0
693 -1.0 -14.0
694 -2.0 -14.0
695 -3.0 -14.0
696 -4.0 -14.0
697 -5.0 -14.0
