x y n
0 0 1000
0 0 1000
0 0 1000
0 0 1000
0 0 1000
0 0 1000
0 0 1000
0 0 1000
0 0 1000
0 0 1000
0 0 1000
37 0 1000
37 0 1000
37 0 1000
37 0 1000
37 0 1000
37 0 1000
37 0 1000
37 0 1000
37 0 1000
37 0 1000
37 0 1000
28.3436444 23.78314156 1000
28.3436444 23.78314156 1000
28.3436444 23.78314156 1000
28.3436444 23.78314156 1000
28.3436444 23.78314156 1000
28.3436444 23.78314156 1000
28.3436444 23.78314156 1000
28.3436444 23.78314156 1000
28.3436444 23.78314156 1000
28.3436444 23.78314156 1000
3.867553141 36.79731013 1000
3.867553141 36.79731013 1000
3.867553141 36.79731013 1000
3.867553141 36.79731013 1000
3.867553141 36.79731013 1000
3.867553141 36.79731013 1000
3.867553141 36.79731013 1000
3.867553141 36.79731013 1000
3.867553141 36.79731013 1000
3.867553141 36.79731013 1000
-12.6547453 34.76862697 1000
-12.6547453 34.76862697 1000
-12.6547453 34.76862697 1000
-12.6547453 34.76862697 1000
-12.6547453 34.76862697 1000
-12.6547453 34.76862697 1000
-12.6547453 34.76862697 1000
-12.6547453 34.76862697 1000
-12.6547453 34.76862697 1000
-12.6547453 34.76862697 1000
-4.574057198 21.51924722 1000
-4.574057198 21.51924722 1000
-4.574057198 21.51924722 1000
-4.574057198 21.51924722 1000
-4.574057198 21.51924722 1000
-4.574057198 21.51924722 1000
-4.574057198 21.51924722 1000
-4.574057198 21.51924722 1000
-4.574057198 21.51924722 1000
-4.574057198 21.51924722 1000
-0.3839529416 21.99664929 1000
-0.3839529416 21.99664929 1000
-0.3839529416 21.99664929 1000
-0.3839529416 21.99664929 1000
-0.3839529416 21.99664929 1000
-0.3839529416 21.99664929 1000
-0.3839529416 21.99664929 1000
-0.3839529416 21.99664929 1000
-0.3839529416 21.99664929 1000
-0.3839529416 21.99664929 1000
17.56998122 13.23993051 1000
17.56998122 13.23993051 1000
17.56998122 13.23993051 1000
17.56998122 13.23993051 1000
17.56998122 13.23993051 1000
17.56998122 13.23993051 1000
17.56998122 13.23993051 1000
17.56998122 13.23993051 1000
17.56998122 13.23993051 1000
17.56998122 13.23993051 1000
22 0 1000
22 0 1000
22 0 1000
22 0 1000
22 0 1000
22 0 1000
22 0 1000
22 0 1000
22 0 1000
22 0 1000
-15 0 1000
-15 0 1000
-15 0 1000
-15 0 1000
-15 0 1000
-15 0 1000
-15 0 1000
-15 0 1000
-15 0 1000
-15 0 1000
-10.79009701 -10.41987556 1000
-10.79009701 -10.41987556 1000
-10.79009701 -10.41987556 1000
-10.79009701 -10.41987556 1000
-10.79009701 -10.41987556 1000
-10.79009701 -10.41987556 1000
-10.79009701 -10.41987556 1000
-10.79009701 -10.41987556 1000
-10.79009701 -10.41987556 1000
-10.79009701 -10.41987556 1000
0.7850393436 -14.97944302 1000
0.7850393436 -14.97944302 1000
0.7850393436 -14.97944302 1000
0.7850393436 -14.97944302 1000
0.7850393436 -14.97944302 1000
0.7850393436 -14.97944302 1000
0.7850393436 -14.97944302 1000
0.7850393436 -14.97944302 1000
0.7850393436 -14.97944302 1000
0.7850393436 -14.97944302 1000
-1.046347106 -14.96346075 1000
-1.046347106 -14.96346075 1000
-1.046347106 -14.96346075 1000
-1.046347106 -14.96346075 1000
-1.046347106 -14.96346075 1000
-1.046347106 -14.96346075 1000
-1.046347106 -14.96346075 1000
-1.046347106 -14.96346075 1000
-1.046347106 -14.96346075 1000
-1.046347106 -14.96346075 1000
-7.69273256 -36.19146123 1000
-7.69273256 -36.19146123 1000
-7.69273256 -36.19146123 1000
-7.69273256 -36.19146123 1000
-7.69273256 -36.19146123 1000
-7.69273256 -36.19146123 1000
-7.69273256 -36.19146123 1000
-7.69273256 -36.19146123 1000
-7.69273256 -36.19146123 1000
-7.69273256 -36.19146123 1000
-3.224762482 -36.85920383 1000
-3.224762482 -36.85920383 1000
-3.224762482 -36.85920383 1000
-3.224762482 -36.85920383 1000
-3.224762482 -36.85920383 1000
-3.224762482 -36.85920383 1000
-3.224762482 -36.85920383 1000
-3.224762482 -36.85920383 1000
-3.224762482 -36.85920383 1000
-3.224762482 -36.85920383 1000
-29.15639788 -22.77947459 1000
-29.15639788 -22.77947459 1000
-29.15639788 -22.77947459 1000
-29.15639788 -22.77947459 1000
-29.15639788 -22.77947459 1000
-29.15639788 -22.77947459 1000
-29.15639788 -22.77947459 1000
-29.15639788 -22.77947459 1000
-29.15639788 -22.77947459 1000
-29.15639788 -22.77947459 1000
-36.99436472 -0.6457390382 1000
-36.99436472 -0.6457390382 1000
-36.99436472 -0.6457390382 1000
-36.99436472 -0.6457390382 1000
-36.99436472 -0.6457390382 1000
-36.99436472 -0.6457390382 1000
-36.99436472 -0.6457390382 1000
-36.99436472 -0.6457390382 1000
-36.99436472 -0.6457390382 1000
-36.99436472 -0.6457390382 1000
-36.99436472 -0.6457390382 1000
