x y n
0 0 1000
0 0 1000
0 0 1000
0 0 1000
0 0 1000
0 0 1000
0 0 1000
0 0 1000
0 0 1000
0 0 1000
36.72420761 4.509165706 1000
36.72420761 4.509165706 1000
36.72420761 4.509165706 1000
36.72420761 4.509165706 1000
36.72420761 4.509165706 1000
36.72420761 4.509165706 1000
36.72420761 4.509165706 1000
36.72420761 4.509165706 1000
36.72420761 4.509165706 1000
36.72420761 4.509165706 1000
27.92425447 24.27418407 1000
27.92425447 24.27418407 1000
27.92425447 24.27418407 1000
27.92425447 24.27418407 1000
27.92425447 24.27418407 1000
27.92425447 24.27418407 1000
27.92425447 24.27418407 1000
27.92425447 24.27418407 1000
27.92425447 24.27418407 1000
27.92425447 24.27418407 1000
-1.291281378 36.9774606 1000
-1.291281378 36.9774606 1000
-1.291281378 36.9774606 1000
-1.291281378 36.9774606 1000
-1.291281378 36.9774606 1000
-1.291281378 36.9774606 1000
-1.291281378 36.9774606 1000
-1.291281378 36.9774606 1000
-1.291281378 36.9774606 1000
-1.291281378 36.9774606 1000
-19.05640877 31.71519013 1000
-19.05640877 31.71519013 1000
-19.05640877 31.71519013 1000
-19.05640877 31.71519013 1000
-19.05640877 31.71519013 1000
-19.05640877 31.71519013 1000
-19.05640877 31.71519013 1000
-19.05640877 31.71519013 1000
-19.05640877 31.71519013 1000
-19.05640877 31.71519013 1000
-9.987790994 19.60214353 1000
-9.987790994 19.60214353 1000
-9.987790994 19.60214353 1000
-9.987790994 19.60214353 1000
-9.987790994 19.60214353 1000
-9.987790994 19.60214353 1000
-9.987790994 19.60214353 1000
-9.987790994 19.60214353 1000
-9.987790994 19.60214353 1000
-9.987790994 19.60214353 1000
3.820259909 21.66577057 1000
3.820259909 21.66577057 1000
3.820259909 21.66577057 1000
3.820259909 21.66577057 1000
3.820259909 21.66577057 1000
3.820259909 21.66577057 1000
3.820259909 21.66577057 1000
3.820259909 21.66577057 1000
3.820259909 21.66577057 1000
3.820259909 21.66577057 1000
17.56998122 13.23993051 1000
17.56998122 13.23993051 1000
17.56998122 13.23993051 1000
17.56998122 13.23993051 1000
17.56998122 13.23993051 1000
17.56998122 13.23993051 1000
17.56998122 13.23993051 1000
17.56998122 13.23993051 1000
17.56998122 13.23993051 1000
17.56998122 13.23993051 1000
21.83601534 2.681125555 1000
21.83601534 2.681125555 1000
21.83601534 2.681125555 1000
21.83601534 2.681125555 1000
21.83601534 2.681125555 1000
21.83601534 2.681125555 1000
21.83601534 2.681125555 1000
21.83601534 2.681125555 1000
21.83601534 2.681125555 1000
21.83601534 2.681125555 1000
-14.96346075 -1.046347106 1000
-14.96346075 -1.046347106 1000
-14.96346075 -1.046347106 1000
-14.96346075 -1.046347106 1000
-14.96346075 -1.046347106 1000
-14.96346075 -1.046347106 1000
-14.96346075 -1.046347106 1000
-14.96346075 -1.046347106 1000
-14.96346075 -1.046347106 1000
-14.96346075 -1.046347106 1000
-12.13525492 -8.816778784 1000
-12.13525492 -8.816778784 1000
-12.13525492 -8.816778784 1000
-12.13525492 -8.816778784 1000
-12.13525492 -8.816778784 1000
-12.13525492 -8.816778784 1000
-12.13525492 -8.816778784 1000
-12.13525492 -8.816778784 1000
-12.13525492 -8.816778784 1000
-12.13525492 -8.816778784 1000
-2.604722665 -14.7721163 1000
-2.604722665 -14.7721163 1000
-2.604722665 -14.7721163 1000
-2.604722665 -14.7721163 1000
-2.604722665 -14.7721163 1000
-2.604722665 -14.7721163 1000
-2.604722665 -14.7721163 1000
-2.604722665 -14.7721163 1000
-2.604722665 -14.7721163 1000
-2.604722665 -14.7721163 1000
4.883522317 -14.18277863 1000
4.883522317 -14.18277863 1000
4.883522317 -14.18277863 1000
4.883522317 -14.18277863 1000
4.883522317 -14.18277863 1000
4.883522317 -14.18277863 1000
4.883522317 -14.18277863 1000
4.883522317 -14.18277863 1000
4.883522317 -14.18277863 1000
4.883522317 -14.18277863 1000
7.69273256 -36.19146123 1000
7.69273256 -36.19146123 1000
7.69273256 -36.19146123 1000
7.69273256 -36.19146123 1000
7.69273256 -36.19146123 1000
7.69273256 -36.19146123 1000
7.69273256 -36.19146123 1000
7.69273256 -36.19146123 1000
7.69273256 -36.19146123 1000
7.69273256 -36.19146123 1000
-23.78314156 -28.3436444 1000
-23.78314156 -28.3436444 1000
-23.78314156 -28.3436444 1000
-23.78314156 -28.3436444 1000
-23.78314156 -28.3436444 1000
-23.78314156 -28.3436444 1000
-23.78314156 -28.3436444 1000
-23.78314156 -28.3436444 1000
-23.78314156 -28.3436444 1000
-23.78314156 -28.3436444 1000
-35.38327597 -10.81775307 1000
-35.38327597 -10.81775307 1000
-35.38327597 -10.81775307 1000
-35.38327597 -10.81775307 1000
-35.38327597 -10.81775307 1000
-35.38327597 -10.81775307 1000
-35.38327597 -10.81775307 1000
-35.38327597 -10.81775307 1000
-35.38327597 -10.81775307 1000
-35.38327597 -10.81775307 1000