x y n
0 0 1000
0 0 1000
0 0 1000
0 0 1000
0 0 1000
0 0 1000
0 0 1000
0 0 1000
0 0 1000
0 0 1000
36.63991854 5.149404736 1000
36.63991854 5.149404736 1000
36.63991854 5.149404736 1000
36.63991854 5.149404736 1000
36.63991854 5.149404736 1000
36.63991854 5.149404736 1000
36.63991854 5.149404736 1000
36.63991854 5.149404736 1000
36.63991854 5.149404736 1000
36.63991854 5.149404736 1000
32.36092916 17.93795595 1000
32.36092916 17.93795595 1000
32.36092916 17.93795595 1000
32.36092916 17.93795595 1000
32.36092916 17.93795595 1000
32.36092916 17.93795595 1000
32.36092916 17.93795595 1000
32.36092916 17.93795595 1000
32.36092916 17.93795595 1000
32.36092916 17.93795595 1000
6.424982574 36.43788686 1000
6.424982574 36.43788686 1000
6.424982574 36.43788686 1000
6.424982574 36.43788686 1000
6.424982574 36.43788686 1000
6.424982574 36.43788686 1000
6.424982574 36.43788686 1000
6.424982574 36.43788686 1000
6.424982574 36.43788686 1000
6.424982574 36.43788686 1000
-15.04925579 33.80118193 1000
-15.04925579 33.80118193 1000
-15.04925579 33.80118193 1000
-15.04925579 33.80118193 1000
-15.04925579 33.80118193 1000
-15.04925579 33.80118193 1000
-15.04925579 33.80118193 1000
-15.04925579 33.80118193 1000
-15.04925579 33.80118193 1000
-15.04925579 33.80118193 1000
-7.88409489 20.53876938 1000
-7.88409489 20.53876938 1000
-7.88409489 20.53876938 1000
-7.88409489 20.53876938 1000
-7.88409489 20.53876938 1000
-7.88409489 20.53876938 1000
-7.88409489 20.53876938 1000
-7.88409489 20.53876938 1000
-7.88409489 20.53876938 1000
-7.88409489 20.53876938 1000
10.66581165 19.24163356 1000
10.66581165 19.24163356 1000
10.66581165 19.24163356 1000
10.66581165 19.24163356 1000
10.66581165 19.24163356 1000
10.66581165 19.24163356 1000
10.66581165 19.24163356 1000
10.66581165 19.24163356 1000
10.66581165 19.24163356 1000
10.66581165 19.24163356 1000
18.85768062 11.33083765 1000
18.85768062 11.33083765 1000
18.85768062 11.33083765 1000
18.85768062 11.33083765 1000
18.85768062 11.33083765 1000
18.85768062 11.33083765 1000
18.85768062 11.33083765 1000
18.85768062 11.33083765 1000
18.85768062 11.33083765 1000
18.85768062 11.33083765 1000
21.96984976 -1.151391037 1000
21.96984976 -1.151391037 1000
21.96984976 -1.151391037 1000
21.96984976 -1.151391037 1000
21.96984976 -1.151391037 1000
21.96984976 -1.151391037 1000
21.96984976 -1.151391037 1000
21.96984976 -1.151391037 1000
21.96984976 -1.151391037 1000
21.96984976 -1.151391037 1000
-14.99086241 0.5234924505 1000
-14.99086241 0.5234924505 1000
-14.99086241 0.5234924505 1000
-14.99086241 0.5234924505 1000
-14.99086241 0.5234924505 1000
-14.99086241 0.5234924505 1000
-14.99086241 0.5234924505 1000
-14.99086241 0.5234924505 1000
-14.99086241 0.5234924505 1000
-14.99086241 0.5234924505 1000
-12.85750951 -7.725571124 1000
-12.85750951 -7.725571124 1000
-12.85750951 -7.725571124 1000
-12.85750951 -7.725571124 1000
-12.85750951 -7.725571124 1000
-12.85750951 -7.725571124 1000
-12.85750951 -7.725571124 1000
-12.85750951 -7.725571124 1000
-12.85750951 -7.725571124 1000
-12.85750951 -7.725571124 1000
-9.23492213 -11.8201613 1000
-9.23492213 -11.8201613 1000
-9.23492213 -11.8201613 1000
-9.23492213 -11.8201613 1000
-9.23492213 -11.8201613 1000
-9.23492213 -11.8201613 1000
-9.23492213 -11.8201613 1000
-9.23492213 -11.8201613 1000
-9.23492213 -11.8201613 1000
-9.23492213 -11.8201613 1000
0 -15 1000
0 -15 1000
0 -15 1000
0 -15 1000
0 -15 1000
0 -15 1000
0 -15 1000
0 -15 1000
0 -15 1000
0 -15 1000
-2.580989529 -36.90986986 1000
-2.580989529 -36.90986986 1000
-2.580989529 -36.90986986 1000
-2.580989529 -36.90986986 1000
-2.580989529 -36.90986986 1000
-2.580989529 -36.90986986 1000
-2.580989529 -36.90986986 1000
-2.580989529 -36.90986986 1000
-2.580989529 -36.90986986 1000
-2.580989529 -36.90986986 1000
-18.5 -32.04293994 1000
-18.5 -32.04293994 1000
-18.5 -32.04293994 1000
-18.5 -32.04293994 1000
-18.5 -32.04293994 1000
-18.5 -32.04293994 1000
-18.5 -32.04293994 1000
-18.5 -32.04293994 1000
-18.5 -32.04293994 1000
-18.5 -32.04293994 1000
-33.80118193 -15.04925579 1000
-33.80118193 -15.04925579 1000
-33.80118193 -15.04925579 1000
-33.80118193 -15.04925579 1000
-33.80118193 -15.04925579 1000
-33.80118193 -15.04925579 1000
-33.80118193 -15.04925579 1000
-33.80118193 -15.04925579 1000
-33.80118193 -15.04925579 1000
-33.80118193 -15.04925579 1000