x y n
2 -7 100
2 -7 200
2 -7 300
2 -7 400
2 -7 500
2 -7 600
2 -7 700
2 -7 800
2 -7 900
2 -7 1000
2 -7 1100
2 -7 1200
2 -7 1300
2 -7 1400
2 -7 1500
2 -7 1600
2 -7 1700
2 -7 1800
2 -7 1900
2 -7 2000
2 -7 2100
2 -7 2200
2 -7 2300
2 -7 2400
2 -7 2500
2 -7 2600
2 -7 2700
2 -7 2800
2 -7 2900
2 -7 3000
2 -7 3100
2 -7 3200
2 -7 3300
2 -7 3400
2 -7 3500
2 -7 3600
2 -7 3700
2 -7 3800
2 -7 3900
2 -7 4000
2 -7 4100
2 -7 4200
2 -7 4300
2 -7 4400
2 -7 4500
2 -7 4600
2 -7 4700
2 -7 4800
2 -7 4900
2 -7 5000
2 -7 5100
2 -7 5200
2 -7 5300
2 -7 5400
2 -7 5500
2 -7 5600
2 -7 5700
2 -7 5800
2 -7 5900
2 -7 6000
2 -7 6100
2 -7 6200
2 -7 6300
2 -7 6400
2 -7 6500
2 -7 6600
2 -7 6700
2 -7 6800
2 -7 6900
2 -7 7000
2 -7 7100
2 -7 7200
2 -7 7300
2 -7 7400
2 -7 7500
2 -7 7600
2 -7 7700
2 -7 7800
2 -7 7900
2 -7 8000
2 -7 8100
2 -7 8200
2 -7 8300
2 -7 8400
2 -7 8500
2 -7 8600
2 -7 8700
2 -7 8800
2 -7 8900
2 -7 9000
2 -7 9100
2 -7 9200
2 -7 9300
2 -7 9400
2 -7 9500
2 -7 9600
2 -7 9700
2 -7 9800
2 -7 9900
2 -7 10000
2 -7 10100
2 -7 10200
2 -7 10300
2 -7 10400
2 -7 10500
2 -7 10600
2 -7 10700
2 -7 10800
2 -7 10900
2 -7 11000
2 -7 11100
2 -7 11200
2 -7 11300
2 -7 11400
2 -7 11500
2 -7 11600
2 -7 11700
2 -7 11800
2 -7 11900
2 -7 12000
2 -7 12100
2 -7 12200
2 -7 12300
2 -7 12400
2 -7 12500
2 -7 12600
2 -7 12700
2 -7 12800
2 -7 12900
2 -7 13000
2 -7 13100
2 -7 13200
2 -7 13300
2 -7 13400
2 -7 13500
2 -7 13600
2 -7 13700
2 -7 13800
2 -7 13900
2 -7 14000
2 -7 14100
2 -7 14200
2 -7 14300
2 -7 14400
2 -7 14500
2 -7 14600
2 -7 14700
2 -7 14800
2 -7 14900
2 -7 15000
2 -7 15100
2 -7 15200
2 -7 15300
2 -7 15400
2 -7 15500
2 -7 15600
2 -7 15700
2 -7 15800
2 -7 15900
2 -7 16000
2 -7 16100
2 -7 16200
2 -7 16300
2 -7 16400
2 -7 16500
2 -7 16600
2 -7 16700
2 -7 16800
2 -7 16900
2 -7 17000
2 -7 17100
2 -7 17200
2 -7 17300
2 -7 17400
2 -7 17500
2 -7 17600
2 -7 17700
2 -7 17800
2 -7 17900
2 -7 18000
2 -7 18100
2 -7 18200
2 -7 18300
2 -7 18400
2 -7 18500
2 -7 18600
2 -7 18700
2 -7 18800
2 -7 18900
2 -7 19000
2 -7 19100
2 -7 19200
2 -7 19300
2 -7 19400
2 -7 19500
2 -7 19600
2 -7 19700
2 -7 19800
2 -7 19900
2 -7 20000
2 -7 20100
2 -7 20200
2 -7 20300
2 -7 20400
2 -7 20500
2 -7 20600
2 -7 20700
2 -7 20800
2 -7 20900
2 -7 21000
2 -7 21100
2 -7 21200
2 -7 21300
2 -7 21400
2 -7 21500
2 -7 21600
2 -7 21700
2 -7 21800
2 -7 21900
2 -7 22000
2 -7 22100
2 -7 22200
2 -7 22300
2 -7 22400
2 -7 22500
2 -7 22600
2 -7 22700
2 -7 22800
2 -7 22900
2 -7 23000
2 -7 23100
2 -7 23200
2 -7 23300
2 -7 23400
2 -7 23500
2 -7 23600
2 -7 23700
2 -7 23800
2 -7 23900
2 -7 24000
2 -7 24100
2 -7 24200
2 -7 24300
2 -7 24400
2 -7 24500
2 -7 24600
2 -7 24700
2 -7 24800
2 -7 24900
2 -7 25000
2 -7 25100
2 -7 25200
2 -7 25300
2 -7 25400
2 -7 25500
2 -7 25600
2 -7 25700
2 -7 25800
2 -7 25900
2 -7 26000
2 -7 26100
2 -7 26200
2 -7 26300
2 -7 26400
2 -7 26500
2 -7 26600
2 -7 26700
2 -7 26800
2 -7 26900
2 -7 27000
2 -7 27100
2 -7 27200
2 -7 27300
2 -7 27400
2 -7 27500
2 -7 27600
2 -7 27700
2 -7 27800
2 -7 27900
2 -7 28000
2 -7 28100
2 -7 28200
2 -7 28300
2 -7 28400
2 -7 28500
2 -7 28600
2 -7 28700
2 -7 28800
2 -7 28900
2 -7 29000
2 -7 29100
2 -7 29200
2 -7 29300
2 -7 29400
2 -7 29500
2 -7 29600
2 -7 29700
2 -7 29800
2 -7 29900
2 -7 30000
2 -7 30100
2 -7 30200
2 -7 30300
2 -7 30400
2 -7 30500
2 -7 30600
2 -7 30700
2 -7 30800
2 -7 30900
2 -7 31000
2 -7 31100
2 -7 31200
2 -7 31300
2 -7 31400
2 -7 31500
2 -7 31600
2 -7 31700
2 -7 31800
2 -7 31900
2 -7 32000
2 -7 32100
2 -7 32200
2 -7 32300
2 -7 32400
2 -7 32500
2 -7 32600
2 -7 32700
2 -7 32800
2 -7 32900
2 -7 33000
2 -7 33100
2 -7 33200
2 -7 33300
2 -7 33400
2 -7 33500
2 -7 33600
2 -7 33700
2 -7 33800
2 -7 33900
2 -7 34000
2 -7 34100
2 -7 34200
2 -7 34300
2 -7 34400
2 -7 34500
2 -7 34600
2 -7 34700
2 -7 34800
2 -7 34900
2 -7 35000
2 -7 35100
2 -7 35200
2 -7 35300
2 -7 35400
2 -7 35500
2 -7 35600
2 -7 35700
2 -7 35800
2 -7 35900
2 -7 36000
2 -7 36100
2 -7 36200
2 -7 36300
2 -7 36400
2 -7 36500
2 -7 36600
2 -7 36700
2 -7 36800
2 -7 36900
2 -7 37000
2 -7 37100
2 -7 37200
2 -7 37300
2 -7 37400
2 -7 37500
2 -7 37600
2 -7 37700
2 -7 37800
2 -7 37900
2 -7 38000
2 -7 38100
2 -7 38200
2 -7 38300
2 -7 38400
2 -7 38500
2 -7 38600
2 -7 38700
2 -7 38800
2 -7 38900
2 -7 39000
2 -7 39100
2 -7 39200
2 -7 39300
2 -7 39400
2 -7 39500
2 -7 39600
2 -7 39700
2 -7 39800
2 -7 39900
2 -7 40000
2 -7 40100
2 -7 40200
2 -7 40300
2 -7 40400
2 -7 40500
2 -7 40600
2 -7 40700
2 -7 40800
2 -7 40900
2 -7 41000
2 -7 41100
2 -7 41200
2 -7 41300
2 -7 41400
2 -7 41500
2 -7 41600
2 -7 41700
2 -7 41800
2 -7 41900
2 -7 42000
2 -7 42100
2 -7 42200
2 -7 42300
2 -7 42400
2 -7 42500
2 -7 42600
2 -7 42700
2 -7 42800
2 -7 42900
2 -7 43000
2 -7 43100
2 -7 43200
2 -7 43300
2 -7 43400
2 -7 43500
2 -7 43600
2 -7 43700
2 -7 43800
2 -7 43900
2 -7 44000
2 -7 44100
2 -7 44200
2 -7 44300
2 -7 44400
2 -7 44500
2 -7 44600
2 -7 44700
2 -7 44800
2 -7 44900
2 -7 45000
2 -7 45100
2 -7 45200
2 -7 45300
2 -7 45400
2 -7 45500
2 -7 45600
2 -7 45700
2 -7 45800
2 -7 45900
2 -7 46000
2 -7 46100
2 -7 46200
2 -7 46300
2 -7 46400
2 -7 46500
2 -7 46600
2 -7 46700
2 -7 46800
2 -7 46900
2 -7 47000
2 -7 47100
2 -7 47200
2 -7 47300
2 -7 47400
2 -7 47500
2 -7 47600
2 -7 47700
2 -7 47800
2 -7 47900
2 -7 48000
2 -7 48100
2 -7 48200
2 -7 48300
2 -7 48400
2 -7 48500
2 -7 48600
2 -7 48700
2 -7 48800
2 -7 48900
2 -7 49000
2 -7 49100
2 -7 49200
2 -7 49300
2 -7 49400
2 -7 49500
2 -7 49600
2 -7 49700
2 -7 49800
2 -7 49900
2 -7 50000
2 -7 50100
2 -7 50200
2 -7 50300
2 -7 50400
2 -7 50500
2 -7 50600
2 -7 50700
2 -7 50800
2 -7 50900
2 -7 51000
2 -7 51100
2 -7 51200
2 -7 51300
2 -7 51400
2 -7 51500
2 -7 51600
2 -7 51700
2 -7 51800
2 -7 51900
2 -7 52000
2 -7 52100
2 -7 52200
2 -7 52300
2 -7 52400
2 -7 52500
2 -7 52600
2 -7 52700
2 -7 52800
2 -7 52900
2 -7 53000
2 -7 53100
2 -7 53200
2 -7 53300
2 -7 53400
2 -7 53500
2 -7 53600
2 -7 53700
2 -7 53800
2 -7 53900
2 -7 54000
2 -7 54100
2 -7 54200
2 -7 54300
2 -7 54400
2 -7 54500
2 -7 54600
2 -7 54700
2 -7 54800
2 -7 54900
2 -7 55000
2 -7 55100
2 -7 55200
2 -7 55300
2 -7 55400
2 -7 55500
2 -7 55600
2 -7 55700
2 -7 55800
2 -7 55900
2 -7 56000
2 -7 56100
2 -7 56200
2 -7 56300
2 -7 56400
2 -7 56500
2 -7 56600
2 -7 56700
2 -7 56800
2 -7 56900
2 -7 57000
2 -7 57100
2 -7 57200
2 -7 57300
2 -7 57400
2 -7 57500
2 -7 57600
2 -7 57700
2 -7 57800
2 -7 57900
2 -7 58000
2 -7 58100
2 -7 58200
2 -7 58300
2 -7 58400
2 -7 58500
2 -7 58600
2 -7 58700
2 -7 58800
2 -7 58900
2 -7 59000
2 -7 59100
2 -7 59200
2 -7 59300
2 -7 59400
2 -7 59500
2 -7 59600
2 -7 59700
2 -7 59800
2 -7 59900
2 -7 60000
2 -7 60100
2 -7 60200
2 -7 60300
2 -7 60400
2 -7 60500
2 -7 60600
2 -7 60700
2 -7 60800
2 -7 60900
2 -7 61000
2 -7 61100
2 -7 61200
2 -7 61300
2 -7 61400
2 -7 61500
2 -7 61600
2 -7 61700
2 -7 61800
2 -7 61900
2 -7 62000
2 -7 62100
2 -7 62200
2 -7 62300
2 -7 62400
2 -7 62500
2 -7 62600
2 -7 62700
2 -7 62800
2 -7 62900
2 -7 63000
2 -7 63100
2 -7 63200
2 -7 63300
2 -7 63400
2 -7 63500
2 -7 63600
2 -7 63700
2 -7 63800
2 -7 63900
2 -7 64000
2 -7 64100
2 -7 64200
2 -7 64300
2 -7 64400
2 -7 64500
2 -7 64600
2 -7 64700
2 -7 64800
2 -7 64900
2 -7 65000
2 -7 65100
2 -7 65200
2 -7 65300
2 -7 65400
2 -7 65500
2 -7 65600
2 -7 65700
2 -7 65800
2 -7 65900
2 -7 66000
2 -7 66100
2 -7 66200
2 -7 66300
2 -7 66400
2 -7 66500
2 -7 66600
2 -7 66700
2 -7 66800
2 -7 66900
2 -7 67000
2 -7 67100
2 -7 67200
2 -7 67300
2 -7 67400
2 -7 67500
2 -7 67600
2 -7 67700
2 -7 67800
2 -7 67900
2 -7 68000
2 -7 68100
2 -7 68200
2 -7 68300
2 -7 68400
2 -7 68500
2 -7 68600
2 -7 68700
2 -7 68800
2 -7 68900
2 -7 69000
2 -7 69100
2 -7 69200
2 -7 69300
2 -7 69400
2 -7 69500
2 -7 69600
2 -7 69700
2 -7 69800
2 -7 69900
2 -7 70000
2 -7 70100
2 -7 70200
2 -7 70300
2 -7 70400
2 -7 70500
2 -7 70600
2 -7 70700
2 -7 70800
2 -7 70900
2 -7 71000
2 -7 71100
2 -7 71200
2 -7 71300
2 -7 71400
2 -7 71500
2 -7 71600
2 -7 71700
2 -7 71800
2 -7 71900
2 -7 72000
2 -7 72100
2 -7 72200
2 -7 72300
2 -7 72400
2 -7 72500
2 -7 72600
2 -7 72700
2 -7 72800
2 -7 72900
2 -7 73000
2 -7 73100
2 -7 73200
2 -7 73300
2 -7 73400
2 -7 73500
2 -7 73600
2 -7 73700
2 -7 73800
2 -7 73900
2 -7 74000
2 -7 74100
2 -7 74200
2 -7 74300
2 -7 74400
2 -7 74500
2 -7 74600
2 -7 74700
2 -7 74800
2 -7 74900
2 -7 75000
2 -7 75100
2 -7 75200
2 -7 75300
2 -7 75400
2 -7 75500
2 -7 75600
2 -7 75700
2 -7 75800
2 -7 75900
2 -7 76000
2 -7 76100
2 -7 76200
2 -7 76300
2 -7 76400
2 -7 76500
2 -7 76600
2 -7 76700
2 -7 76800
2 -7 76900
2 -7 77000
2 -7 77100
2 -7 77200
2 -7 77300
2 -7 77400
2 -7 77500
2 -7 77600
2 -7 77700
2 -7 77800
2 -7 77900
2 -7 78000
2 -7 78100
2 -7 78200
2 -7 78300
2 -7 78400
2 -7 78500
2 -7 78600
2 -7 78700
2 -7 78800
2 -7 78900
2 -7 79000
2 -7 79100
2 -7 79200
2 -7 79300
2 -7 79400
2 -7 79500
2 -7 79600
2 -7 79700
2 -7 79800
2 -7 79900
2 -7 80000
2 -7 80100
2 -7 80200
2 -7 80300
2 -7 80400
2 -7 80500
2 -7 80600
2 -7 80700
2 -7 80800
2 -7 80900
2 -7 81000
2 -7 81100
2 -7 81200
2 -7 81300
2 -7 81400
2 -7 81500
2 -7 81600
2 -7 81700
2 -7 81800
2 -7 81900
2 -7 82000
2 -7 82100
2 -7 82200
2 -7 82300
2 -7 82400
2 -7 82500
2 -7 82600
2 -7 82700
2 -7 82800
2 -7 82900
2 -7 83000
2 -7 83100
2 -7 83200
2 -7 83300
2 -7 83400
2 -7 83500
2 -7 83600
2 -7 83700
2 -7 83800
2 -7 83900
2 -7 84000
2 -7 84100
2 -7 84200
2 -7 84300
2 -7 84400
2 -7 84500
2 -7 84600
2 -7 84700
2 -7 84800
2 -7 84900
2 -7 85000
2 -7 85100
2 -7 85200
2 -7 85300
2 -7 85400
2 -7 85500
2 -7 85600
2 -7 85700
2 -7 85800
2 -7 85900
2 -7 86000
2 -7 86100
2 -7 86200
2 -7 86300
2 -7 86400
2 -7 86500
2 -7 86600
2 -7 86700
2 -7 86800
2 -7 86900
2 -7 87000
2 -7 87100
2 -7 87200
2 -7 87300
2 -7 87400
2 -7 87500
2 -7 87600
2 -7 87700
2 -7 87800
2 -7 87900
2 -7 88000
2 -7 88100
2 -7 88200
2 -7 88300
2 -7 88400
2 -7 88500
2 -7 88600
2 -7 88700
2 -7 88800
2 -7 88900
2 -7 89000
2 -7 89100
2 -7 89200
2 -7 89300
2 -7 89400
2 -7 89500
2 -7 89600
2 -7 89700
2 -7 89800
2 -7 89900
2 -7 90000
2 -7 90100
2 -7 90200
2 -7 90300
2 -7 90400
2 -7 90500
2 -7 90600
2 -7 90700
2 -7 90800
2 -7 90900
2 -7 91000
2 -7 91100
2 -7 91200
2 -7 91300
2 -7 91400
2 -7 91500
2 -7 91600
2 -7 91700
2 -7 91800
2 -7 91900
2 -7 92000
2 -7 92100
2 -7 92200
2 -7 92300
2 -7 92400
2 -7 92500
2 -7 92600
2 -7 92700
2 -7 92800
2 -7 92900
2 -7 93000
2 -7 93100
2 -7 93200
2 -7 93300
2 -7 93400
2 -7 93500
2 -7 93600
2 -7 93700
2 -7 93800
2 -7 93900
2 -7 94000
2 -7 94100
2 -7 94200
2 -7 94300
2 -7 94400
2 -7 94500
2 -7 94600
2 -7 94700
2 -7 94800
2 -7 94900
2 -7 95000
2 -7 95100
2 -7 95200
2 -7 95300
2 -7 95400
2 -7 95500
2 -7 95600
2 -7 95700
2 -7 95800
2 -7 95900
2 -7 96000
2 -7 96100
2 -7 96200
2 -7 96300
2 -7 96400
2 -7 96500
2 -7 96600
2 -7 96700
2 -7 96800
2 -7 96900
2 -7 97000
2 -7 97100
2 -7 97200
2 -7 97300
2 -7 97400
2 -7 97500
2 -7 97600
2 -7 97700
2 -7 97800
2 -7 97900
2 -7 98000
2 -7 98100
2 -7 98200
2 -7 98300
2 -7 98400
2 -7 98500
2 -7 98600
2 -7 98700
2 -7 98800
2 -7 98900
2 -7 99000
2 -7 99100
2 -7 99200
2 -7 99300
2 -7 99400
2 -7 99500
2 -7 99600
2 -7 99700
2 -7 99800
2 -7 99900
2 -7 100000
