pixelID mppcID probability
1 1 0.000605574653739
2 1 0.000615907417964
3 1 0.000669188073274
4 1 0.00067999283404
5 1 0.000715911418682
6 1 0.000741258796326
7 1 0.000795947312283
8 1 0.000854753980831
9 1 0.000870641899511
10 1 0.000920489299789
11 1 0.000960382858769
12 1 0.00107583497174
13 1 0.00112233998932
14 1 0.00117858668476
15 1 0.00130933074759
16 1 0.00137910608001
17 1 0.00153268647901
18 1 0.00169658774557
19 1 0.00188093280008
20 1 0.00206618656739
21 1 0.00241195505747
22 1 0.0027492748964
23 1 0.00339764299847
24 1 0.00383844291723
25 1 0.00492285594639
26 1 0.00583670687277
27 1 0.008501204386
28 1 0.012062628676
29 1 0.0280162311234
30 1 0.000592291886058
31 1 0.000557673308805
32 1 0.000549832496335
33 1 0.00053074700474
34 1 0.000510759599361
35 1 0.000525648868733
36 1 0.000493070178451
37 1 0.000503228965723
38 1 0.000541387855698
39 1 0.000565798323671
40 1 0.000573975468997
41 1 0.000592871991049
42 1 0.000573210263048
43 1 0.000552576270902
44 1 0.000529853000362
45 1 0.000554558153873
46 1 0.000518061710845
47 1 0.000501066368078
48 1 0.000530061742053
49 1 0.000566677108652
50 1 0.000605962963759
51 1 0.000802328710601
52 1 0.00121559074784
53 1 0.0014158040843
54 1 0.00126567549501
55 1 0.00135904592288
56 1 0.00144084260027
57 1 0.00144965633545
58 1 0.000590751997065
59 1 0.000623137330995
60 1 0.000637812003245
61 1 0.000676837903927
62 1 0.000724142444003
63 1 0.000755587997602
64 1 0.000792209014886
65 1 0.000840166497657
66 1 0.000868168886633
67 1 0.000944573684101
68 1 0.000959192733478
69 1 0.00101701355122
70 1 0.00111156827288
71 1 0.00117296449817
72 1 0.00131755786831
73 1 0.00137986949542
74 1 0.00153937480727
75 1 0.00167259182026
76 1 0.00187341239765
77 1 0.00202779494578
78 1 0.00237810747371
79 1 0.00271060668169
80 1 0.0032405575883
81 1 0.00375879003431
82 1 0.00475341311079
83 1 0.00554798501535
84 1 0.00765682853135
85 1 0.00962266201403
86 1 0.014117367172
87 1 0.00056680090497
88 1 0.000583618414251
89 1 0.000531639793717
90 1 0.000550320078022
91 1 0.000499033546514
92 1 0.000517726646348
93 1 0.000521757074014
94 1 0.000529254635688
95 1 0.000528216410533
96 1 0.000523803661434
97 1 0.000572884979491
98 1 0.000576925633099
99 1 0.000575888089781
100 1 0.000567719733245
101 1 0.000558423259122
102 1 0.000546365905207
103 1 0.000534479249116
104 1 0.000539032985801
105 1 0.000534196689083
106 1 0.000560640653504
107 1 0.000625577395325
108 1 0.000842055193234
109 1 0.00119070836755
110 1 0.00138169316603
111 1 0.00130196019047
112 1 0.00136469495278
113 1 0.00144423512219
114 1 0.0014838158511
115 1 0.000598786488771
116 1 0.000657221901706
117 1 0.000658414979106
118 1 0.000657051028911
119 1 0.000719194229982
120 1 0.0007490906155
121 1 0.000801719384791
122 1 0.000838685477097
123 1 0.000886905484718
124 1 0.000889733215212
125 1 0.000980029834172
126 1 0.00104271930491
127 1 0.00114275772831
128 1 0.0011389402912
129 1 0.00128124971657
130 1 0.00137078348536
131 1 0.00148032339659
132 1 0.00163582173676
133 1 0.00182455337218
134 1 0.00199417208802
135 1 0.00235661929231
136 1 0.00265765990238
137 1 0.00313722908148
138 1 0.00358927273518
139 1 0.00412934907373
140 1 0.00492880055534
141 1 0.00575740817695
142 1 0.00671230675808
143 1 0.00520734352139
144 1 0.000580925462217
145 1 0.000557288846528
146 1 0.000533297834994
147 1 0.000540426496276
148 1 0.000515402253496
149 1 0.000519862878478
150 1 0.000485503991405
151 1 0.00048387199306
152 1 0.000477382189016
153 1 0.000510497100738
154 1 0.000538491903656
155 1 0.000523415010302
156 1 0.000578595544415
157 1 0.000558583795027
158 1 0.000550811147024
159 1 0.00056794239469
160 1 0.000545332515059
161 1 0.00052952098854
162 1 0.000529973518601
163 1 0.000601748570726
164 1 0.000657474286997
165 1 0.000885774237769
166 1 0.0012475071775
167 1 0.00138257020043
168 1 0.00132865458179
169 1 0.00134215453365
170 1 0.0014701400884
171 1 0.0014764390571
172 1 0.000579959978061
173 1 0.000614662542288
174 1 0.000663238405332
175 1 0.000667066677215
176 1 0.000696685920743
177 1 0.000723250977132
178 1 0.000746871300284
179 1 0.000820592411264
180 1 0.000885480754529
181 1 0.000879754485566
182 1 0.000968993458044
183 1 0.00100527951721
184 1 0.00109652328016
185 1 0.00113976279311
186 1 0.00123947620604
187 1 0.00133393443959
188 1 0.00142068487384
189 1 0.00161723859969
190 1 0.00177641275163
191 1 0.00196748216255
192 1 0.00221494114143
193 1 0.0024298844455
194 1 0.00281397216191
195 1 0.00325119811262
196 1 0.0035052434036
197 1 0.00409147598444
198 1 0.00403038979227
199 1 0.00397886365133
200 1 0.00287545739769
201 1 0.000564221687035
202 1 0.000547213851911
203 1 0.000526368931937
204 1 0.000512654162665
205 1 0.000515115705237
206 1 0.000487850965498
207 1 0.000485552201141
208 1 0.000470905378412
209 1 0.00047093370453
210 1 0.00047204288487
211 1 0.000458228781256
212 1 0.000482097766392
213 1 0.000515382819377
214 1 0.000556074755907
215 1 0.000573471350569
216 1 0.000577812288509
217 1 0.000542586669292
218 1 0.00055256748375
219 1 0.000570698755876
220 1 0.000576999633559
221 1 0.000697532061253
222 1 0.000926196342404
223 1 0.00122787805076
224 1 0.0013506787361
225 1 0.00128829989953
226 1 0.00139073882827
227 1 0.00145520703393
228 1 0.00149212794893
229 1 0.000611584648121
230 1 0.000616384957278
231 1 0.000640116414521
232 1 0.000663902705743
233 1 0.000708769982557
234 1 0.000733595565401
235 1 0.000742709623773
236 1 0.000773771161982
237 1 0.000851575788721
238 1 0.000907966273042
239 1 0.000952804124773
240 1 0.00100171385715
241 1 0.00107370349188
242 1 0.00112514898664
243 1 0.00119029709913
244 1 0.00127019832982
245 1 0.00139658799994
246 1 0.00153486541516
247 1 0.00168900376341
248 1 0.00185330655802
249 1 0.00202040420426
250 1 0.00232089107899
251 1 0.00250794960202
252 1 0.00282370334362
253 1 0.00306703898804
254 1 0.00312136774818
255 1 0.00314493064409
256 1 0.00266556972956
257 1 0.00173143356076
258 1 0.000569846127001
259 1 0.000556185430648
260 1 0.000514807885242
261 1 0.000526330718011
262 1 0.000508437581956
263 1 0.000498483394236
264 1 0.00047106413131
265 1 0.000442936926205
266 1 0.000468139507072
267 1 0.000473771113864
268 1 0.000445302365768
269 1 0.000461411271658
270 1 0.000508636534961
271 1 0.000566408979106
272 1 0.000573864981909
273 1 0.000581604009888
274 1 0.000567390916442
275 1 0.000560072832959
276 1 0.000585230491113
277 1 0.000619095985538
278 1 0.000765906299675
279 1 0.00100581980713
280 1 0.00126502422813
281 1 0.00133375872471
282 1 0.00132568402166
283 1 0.00138029292499
284 1 0.00145622207428
285 1 0.00145709977297
286 1 0.000589344673761
287 1 0.000619164004749
288 1 0.000633850651764
289 1 0.000631761303747
290 1 0.00069142708848
291 1 0.000730757124285
292 1 0.000739718702326
293 1 0.000774511096161
294 1 0.000801550657326
295 1 0.000897039126793
296 1 0.000934448502996
297 1 0.000956859110179
298 1 0.00100039434302
299 1 0.00106894933667
300 1 0.00119287223574
301 1 0.00120098202795
302 1 0.00131201852256
303 1 0.00144176252786
304 1 0.00152301996589
305 1 0.00173337710448
306 1 0.00192111490628
307 1 0.00207282859347
308 1 0.0022939259267
309 1 0.00239485434283
310 1 0.00256924523592
311 1 0.00249922592889
312 1 0.00228330957396
313 1 0.00196662518119
314 1 0.00130695026307
315 1 0.000558755711543
316 1 0.000555261445983
317 1 0.000528312172073
318 1 0.000529575760716
319 1 0.000514914474592
320 1 0.00050551486973
321 1 0.000471066438697
322 1 0.000465133302104
323 1 0.000460244724499
324 1 0.000440500592216
325 1 0.000454989757031
326 1 0.000419010209585
327 1 0.000483034901076
328 1 0.000514312545259
329 1 0.000592082951501
330 1 0.000576469527244
331 1 0.0005637431504
332 1 0.00057211727263
333 1 0.000617280201019
334 1 0.000708441372486
335 1 0.000840737817049
336 1 0.0010372860019
337 1 0.00127259120819
338 1 0.00131327904031
339 1 0.00128606086944
340 1 0.00137110534295
341 1 0.00145406807638
342 1 0.00151342874559
343 1 0.00054308910978
344 1 0.0005785337718
345 1 0.000598275893613
346 1 0.000658506696813
347 1 0.000670231212797
348 1 0.000738820335389
349 1 0.000744682459671
350 1 0.000760890613015
351 1 0.000803109326277
352 1 0.000825177797389
353 1 0.00087601774994
354 1 0.000940163940091
355 1 0.00100962422744
356 1 0.00105819616464
357 1 0.00112473459353
358 1 0.00119232343203
359 1 0.0012315676508
360 1 0.00134023114829
361 1 0.00150620226181
362 1 0.0015739345152
363 1 0.001794605428
364 1 0.0018956888467
365 1 0.00199896905124
366 1 0.00214574482219
367 1 0.00209974262478
368 1 0.00207719903125
369 1 0.00191373147976
370 1 0.0014892488793
371 1 0.00105694390588
372 1 0.000542525887318
373 1 0.000521194303935
374 1 0.000515686629319
375 1 0.00049381666994
376 1 0.000485617194771
377 1 0.000464596648648
378 1 0.000457989790795
379 1 0.000452535756612
380 1 0.000433793876911
381 1 0.000414811842032
382 1 0.000403735489645
383 1 0.000419008263994
384 1 0.000476085174012
385 1 0.000555997001134
386 1 0.000588566626093
387 1 0.000620292533482
388 1 0.000613344629428
389 1 0.000635252402181
390 1 0.000649523835602
391 1 0.000758639629977
392 1 0.00092572921632
393 1 0.00109097370567
394 1 0.00127406989927
395 1 0.00134338289723
396 1 0.0013055845295
397 1 0.00134841211767
398 1 0.00150521870622
399 1 0.0014694353983
400 1 0.000562556835084
401 1 0.000597158804454
402 1 0.000608658296614
403 1 0.000635899240994
404 1 0.000641332913135
405 1 0.000684297783901
406 1 0.000698122089391
407 1 0.000717741605809
408 1 0.000788721658699
409 1 0.000827658181371
410 1 0.000855473515707
411 1 0.000897695926068
412 1 0.000993475151643
413 1 0.00100408627514
414 1 0.00102841149013
415 1 0.00112854726828
416 1 0.00119262329689
417 1 0.00128161728216
418 1 0.00138702329288
419 1 0.00148948136488
420 1 0.00162172521731
421 1 0.00178541733267
422 1 0.00178897025352
423 1 0.00187129032437
424 1 0.00181774130694
425 1 0.00172858214643
426 1 0.00153145241609
427 1 0.00122456399996
428 1 0.00139927965368
429 1 0.000545049040423
430 1 0.000541577676757
431 1 0.000535458615612
432 1 0.000499609697743
433 1 0.000483289516306
434 1 0.000465794044892
435 1 0.000474123884644
436 1 0.000445315444449
437 1 0.000440980411785
438 1 0.000412867142065
439 1 0.000419731971556
440 1 0.00044425382121
441 1 0.000464875289629
442 1 0.000534172456113
443 1 0.000587982329823
444 1 0.000609937094135
445 1 0.000652977208342
446 1 0.000645481164388
447 1 0.000723994272636
448 1 0.000870609928424
449 1 0.00101170017668
450 1 0.00106981901533
451 1 0.00122896785959
452 1 0.00129119518822
453 1 0.00132381867309
454 1 0.00136741894135
455 1 0.00140662196777
456 1 0.00143555473907
457 1 0.000545721387676
458 1 0.000603413483879
459 1 0.00061420592049
460 1 0.00062189694343
461 1 0.000641493424323
462 1 0.000676828625304
463 1 0.000698118558445
464 1 0.000728135650929
465 1 0.000731561950395
466 1 0.000836459981945
467 1 0.000822291789538
468 1 0.000874503912334
469 1 0.000923978193918
470 1 0.000996323800112
471 1 0.00101313053576
472 1 0.00105137638365
473 1 0.00112956260639
474 1 0.00122565126728
475 1 0.00130229631353
476 1 0.00140088717714
477 1 0.00147014983524
478 1 0.00158527648669
479 1 0.00161875911719
480 1 0.00162160799265
481 1 0.00159017662395
482 1 0.00148597178507
483 1 0.0013108728631
484 1 0.00103302042941
485 1 0.000515636095771
486 1 0.000518300629853
487 1 0.000476149653823
488 1 0.000475854730631
489 1 0.0004635968042
490 1 0.000463535775202
491 1 0.000452106822367
492 1 0.000432355994939
493 1 0.000438389764311
494 1 0.00041549785645
495 1 0.000387205622341
496 1 0.000403189157604
497 1 0.000460622607432
498 1 0.00053314572499
499 1 0.000636113371575
500 1 0.000680108661269
501 1 0.000657563669553
502 1 0.000693879114173
503 1 0.000823635044341
504 1 0.00096784489631
505 1 0.0010681574029
506 1 0.00109347131873
507 1 0.00122570601988
508 1 0.00130381541355
509 1 0.00133972647018
510 1 0.0013592698767
511 1 0.00140318939761
512 1 0.000529356900943
513 1 0.000561234589329
514 1 0.000584892208737
515 1 0.000609848493241
516 1 0.000623477272531
517 1 0.000659085665715
518 1 0.00065782267026
519 1 0.000714758063944
520 1 0.00070897548203
521 1 0.000748037490738
522 1 0.000765771479333
523 1 0.000843713224042
524 1 0.000879832923787
525 1 0.000894875898553
526 1 0.000956342648558
527 1 0.00100181215078
528 1 0.00106320949042
529 1 0.00118280369899
530 1 0.00125019738411
531 1 0.00135831627289
532 1 0.00137995096488
533 1 0.00145983176633
534 1 0.00147679679097
535 1 0.00146529764803
536 1 0.00137506623178
537 1 0.00128537510983
538 1 0.0011416371499
539 1 0.00096615716735
540 1 0.000512906921288
541 1 0.00049120861778
542 1 0.000500992804525
543 1 0.000491925497186
544 1 0.00046663438282
545 1 0.000457599019672
546 1 0.000424758429303
547 1 0.000406835692374
548 1 0.00041148905586
549 1 0.000407215239017
550 1 0.00039893563872
551 1 0.000406688285739
552 1 0.000455954636697
553 1 0.000532193246354
554 1 0.000674028134644
555 1 0.00072374768946
556 1 0.000740554657219
557 1 0.000788230768149
558 1 0.000940258395642
559 1 0.000980523496083
560 1 0.00101649926664
561 1 0.00107963729708
562 1 0.00126986247965
563 1 0.00128548092666
564 1 0.00133318234169
565 1 0.00136695446802
566 1 0.00140282450693
567 1 0.000515169121196
568 1 0.000529889614331
569 1 0.000566260119551
570 1 0.000565498482178
571 1 0.000579640247814
572 1 0.000632358484365
573 1 0.000681395869301
574 1 0.000681643018753
575 1 0.000706771252084
576 1 0.000752909607021
577 1 0.000733358938637
578 1 0.00079238824382
579 1 0.000855948571817
580 1 0.000891082551787
581 1 0.000881219636884
582 1 0.000938433922911
583 1 0.00100622115357
584 1 0.00112611677437
585 1 0.0011829509991
586 1 0.00122840613869
587 1 0.00128646910092
588 1 0.00131609816025
589 1 0.00135508447024
590 1 0.00130840938125
591 1 0.00127709434321
592 1 0.00117651613122
593 1 0.00100577526015
594 1 0.00145519495124
595 1 0.000514567431825
596 1 0.000495907842171
597 1 0.000474413434021
598 1 0.000468046902652
599 1 0.000476572564057
600 1 0.000418558924506
601 1 0.000413679145498
602 1 0.000408505549031
603 1 0.000416927722156
604 1 0.000395093461973
605 1 0.000417201952893
606 1 0.000428278846141
607 1 0.000447329002627
608 1 0.000591895865233
609 1 0.00069181575538
610 1 0.000790436111187
611 1 0.000845285210341
612 1 0.00090982032615
613 1 0.00102658966268
614 1 0.00104016713344
615 1 0.00103780220153
616 1 0.00113863433368
617 1 0.00132013335433
618 1 0.0012645414238
619 1 0.0013547180226
620 1 0.0014368079987
621 1 0.0014159302076
622 1 0.000516416197095
623 1 0.000514531668101
624 1 0.000530693650431
625 1 0.000543942617254
626 1 0.000583993578564
627 1 0.000604596186878
628 1 0.00064668777545
629 1 0.000652434297626
630 1 0.000677904934065
631 1 0.000708393931226
632 1 0.000739941182676
633 1 0.000781226325934
634 1 0.000758832909261
635 1 0.000773280479097
636 1 0.000800708261566
637 1 0.000904652677933
638 1 0.00102059418747
639 1 0.00105342876531
640 1 0.00111462881864
641 1 0.001182540909
642 1 0.00121229363291
643 1 0.00120720168021
644 1 0.00123844670245
645 1 0.00118285196979
646 1 0.00114648670398
647 1 0.00102873083125
648 1 0.000903845813687
649 1 0.000503657271866
650 1 0.000489917033259
651 1 0.000494175881233
652 1 0.000460528540598
653 1 0.000446945764874
654 1 0.000437136884547
655 1 0.000445829761703
656 1 0.000411463589126
657 1 0.000398054924705
658 1 0.000408445730793
659 1 0.000417421459619
660 1 0.000418181756243
661 1 0.00050084967725
662 1 0.000632359910423
663 1 0.000815132590211
664 1 0.000894468812208
665 1 0.000978219560047
666 1 0.00103766659559
667 1 0.00108461122782
668 1 0.000979638578434
669 1 0.00101037250425
670 1 0.00117366623669
671 1 0.00130293204924
672 1 0.00128509971448
673 1 0.00136830881163
674 1 0.00141768146764
675 1 0.000470176173509
676 1 0.000545137805361
677 1 0.000528721631406
678 1 0.000541894699372
679 1 0.000572429529797
680 1 0.000582797192424
681 1 0.000600857790734
682 1 0.000650644197847
683 1 0.000669673323068
684 1 0.000689746876345
685 1 0.000697125362309
686 1 0.000699901661402
687 1 0.000746293329881
688 1 0.000766626286422
689 1 0.000824382796297
690 1 0.000882580205999
691 1 0.000964063430695
692 1 0.00106222275253
693 1 0.00105813972928
694 1 0.00108454351365
695 1 0.00110903749771
696 1 0.00115315755186
697 1 0.00114514584007
698 1 0.00110297897481
699 1 0.00104480318778
700 1 0.000951904865082
701 1 0.00138507362012
702 1 0.000489987492853
703 1 0.000507741021867
704 1 0.000464566263932
705 1 0.000441821973083
706 1 0.00043167386941
707 1 0.000411107836138
708 1 0.000411057040665
709 1 0.000398129971891
710 1 0.000392990126081
711 1 0.000385601495128
712 1 0.000398754074733
713 1 0.000435986382128
714 1 0.000548876014467
715 1 0.000763450956578
716 1 0.000981059182647
717 1 0.00104843293318
718 1 0.00105817842225
719 1 0.00105269478941
720 1 0.00098363313428
721 1 0.00093435096952
722 1 0.00104571194617
723 1 0.00127505538661
724 1 0.001307873867
725 1 0.00125849196532
726 1 0.00144503865357
727 1 0.001388690386
728 1 0.000492029249831
729 1 0.00052429591993
730 1 0.000525389068609
731 1 0.000547783657002
732 1 0.000529013317675
733 1 0.00059145592955
734 1 0.000564135634258
735 1 0.000614076025228
736 1 0.000609701513114
737 1 0.000636852322519
738 1 0.000658808687112
739 1 0.000687006996619
740 1 0.000708281773685
741 1 0.000705680360636
742 1 0.000822970375506
743 1 0.000887867781813
744 1 0.0010197884284
745 1 0.0010326350334
746 1 0.00104723091704
747 1 0.00104772132824
748 1 0.00106951194141
749 1 0.00105084721913
750 1 0.00104844711876
751 1 0.000980401279322
752 1 0.000946464862547
753 1 0.000926956299446
754 1 0.00044785816153
755 1 0.000463256841442
756 1 0.000449911481862
757 1 0.00043393388588
758 1 0.000432806095022
759 1 0.000423975644706
760 1 0.000435084915747
761 1 0.000407810932369
762 1 0.000418530354771
763 1 0.000391493946915
764 1 0.000399730516422
765 1 0.000467073990877
766 1 0.000698389873018
767 1 0.000957448610461
768 1 0.00116517333378
769 1 0.00114119085114
770 1 0.00106906749942
771 1 0.000999975875358
772 1 0.000926741300571
773 1 0.000927719593999
774 1 0.0011416963661
775 1 0.00127892560231
776 1 0.00125528909314
777 1 0.00131511560893
778 1 0.00134670198344
779 1 0.000477526233466
780 1 0.000501350284785
781 1 0.000498270617302
782 1 0.000529786344591
783 1 0.000504860240384
784 1 0.000559379171663
785 1 0.000573166493123
786 1 0.000632489071942
787 1 0.000582316223075
788 1 0.000595076618794
789 1 0.000647953228848
790 1 0.000625575347866
791 1 0.000678097168411
792 1 0.000748784313103
793 1 0.000873920157112
794 1 0.000906734591622
795 1 0.000983189112294
796 1 0.00095757559289
797 1 0.000983416297677
798 1 0.000979175135815
799 1 0.00102852742431
800 1 0.00101361840328
801 1 0.00101498015594
802 1 0.000893117553806
803 1 0.000899790792716
804 1 0.00154107831361
805 1 0.000475323661797
806 1 0.000452216702446
807 1 0.000445144044977
808 1 0.000439865524142
809 1 0.000429649771823
810 1 0.000424484021745
811 1 0.000392252959713
812 1 0.000404874061176
813 1 0.000395274398758
814 1 0.000408706047262
815 1 0.000469523794309
816 1 0.000590210537904
817 1 0.000933105639426
818 1 0.00122904161694
819 1 0.00123840785537
820 1 0.00113082592337
821 1 0.001037365853
822 1 0.000931424087897
823 1 0.000922799651746
824 1 0.00101862706887
825 1 0.00129146280128
826 1 0.00127343108474
827 1 0.00132030367878
828 1 0.0013300446891
829 1 0.00136310169751
830 1 0.000489615147593
831 1 0.000519826777409
832 1 0.000509799651562
833 1 0.000498461571169
834 1 0.000505810886051
835 1 0.000539157787559
836 1 0.000545684288032
837 1 0.000577964691028
838 1 0.000553175690591
839 1 0.000601448220014
840 1 0.000632786900136
841 1 0.000643371762087
842 1 0.000716118447666
843 1 0.000766937786898
844 1 0.000825525845386
845 1 0.000901624055657
846 1 0.000906880860899
847 1 0.000916619041362
848 1 0.000953723087201
849 1 0.000975428939659
850 1 0.000973015561261
851 1 0.000949216264934
852 1 0.000968834086658
853 1 0.000875939244521
854 1 0.00126126126913
855 1 0.000477043129838
856 1 0.000448979062078
857 1 0.000450123999602
858 1 0.000435993964748
859 1 0.00043520607736
860 1 0.000404872882501
861 1 0.000418921954936
862 1 0.000417422499026
863 1 0.00042750769502
864 1 0.000441103141588
865 1 0.000533828511557
866 1 0.00086015168892
867 1 0.00121779081863
868 1 0.00135963829971
869 1 0.00119431190726
870 1 0.00101749199982
871 1 0.000939944384366
872 1 0.000886596633965
873 1 0.000983852002242
874 1 0.00115001241536
875 1 0.00130036231324
876 1 0.0012667912746
877 1 0.00130528037014
878 1 0.00135190169293
879 1 0.000474418854242
880 1 0.000499633895339
881 1 0.000493732564628
882 1 0.000525202423933
883 1 0.000510290239535
884 1 0.000541833245808
885 1 0.000526872329984
886 1 0.000542309928017
887 1 0.000580564093406
888 1 0.000622616813472
889 1 0.000619296916817
890 1 0.000679188428057
891 1 0.000798505484065
892 1 0.000820502888605
893 1 0.000870415166666
894 1 0.000887078451846
895 1 0.00085736584096
896 1 0.000890480344675
897 1 0.000935525615842
898 1 0.000926830949749
899 1 0.000946325115813
900 1 0.000880744947843
901 1 0.000900227218397
902 1 0.0010616097951
903 1 0.00168954338474
904 1 0.00046358844433
905 1 0.000452571729554
906 1 0.000461201476065
907 1 0.000467699783375
908 1 0.000435383924997
909 1 0.000441657509658
910 1 0.000440861511401
911 1 0.000456263499588
912 1 0.000500103681411
913 1 0.000575719430856
914 1 0.000808277998876
915 1 0.00119606577542
916 1 0.00136523324716
917 1 0.00122145548137
918 1 0.00104553458348
919 1 0.000951577316418
920 1 0.000918284716696
921 1 0.00096474834513
922 1 0.0011028158469
923 1 0.00129780520942
924 1 0.00129322200028
925 1 0.0013266651571
926 1 0.0014131962497
927 1 0.0013598807811
928 1 0.000480008090917
929 1 0.000467640914629
930 1 0.000492352822667
931 1 0.000484463970827
932 1 0.000504757519519
933 1 0.000513835715683
934 1 0.000516635460463
935 1 0.000538690281892
936 1 0.000562127285463
937 1 0.000597677038598
938 1 0.000646265483654
939 1 0.000729729400539
940 1 0.000810865342514
941 1 0.000841540637884
942 1 0.000858363222173
943 1 0.000836895258434
944 1 0.000866066291487
945 1 0.000896397754593
946 1 0.000879457617458
947 1 0.000889914338298
948 1 0.000946856660099
949 1 0.00089724359584
950 1 0.00102857878376
951 1 0.00154950852705
952 1 0.000474556681604
953 1 0.000489100564755
954 1 0.000467095108469
955 1 0.000459229920347
956 1 0.000464556786737
957 1 0.000494706263069
958 1 0.00049209920244
959 1 0.000537097189891
960 1 0.000580734844681
961 1 0.000792557938087
962 1 0.00113911535585
963 1 0.00142304175575
964 1 0.00134404780099
965 1 0.00109325357565
966 1 0.000992967332352
967 1 0.000947537505781
968 1 0.00096259491201
969 1 0.00102994966692
970 1 0.00121536820687
971 1 0.00128655435443
972 1 0.00126900345077
973 1 0.00134958415837
974 1 0.00138587401832
975 1 0.000481708107339
976 1 0.000512553441322
977 1 0.000497656169338
978 1 0.000513481049809
979 1 0.000521997871212
980 1 0.000522583774684
981 1 0.000546250850939
982 1 0.000547650240258
983 1 0.000623850711105
984 1 0.000681659157309
985 1 0.000731217929299
986 1 0.00079843030939
987 1 0.000807579250273
988 1 0.000810178440949
989 1 0.000835260289853
990 1 0.000841846183056
991 1 0.00085548484015
992 1 0.000868498621844
993 1 0.000859304874029
994 1 0.000856451547603
995 1 0.000889588156827
996 1 0.000964400916995
997 1 0.00161779002147
998 1 0.000474669998817
999 1 0.00048249028515
1000 1 0.000492288602156
1001 1 0.000479182463517
1002 1 0.000498314430508
1003 1 0.000495562371896
1004 1 0.000551326356141
1005 1 0.00061048005786
1006 1 0.000725542160164
1007 1 0.00107170021843
1008 1 0.00134714851673
1009 1 0.0014139879072
1010 1 0.00116136902789
1011 1 0.00101661097285
1012 1 0.000960957933652
1013 1 0.000960771158781
1014 1 0.00104546264409
1015 1 0.00121899367729
1016 1 0.00129706303132
1017 1 0.0012983247054
1018 1 0.00133453809964
1019 1 0.0014128442929
1020 1 0.000496908791964
1021 1 0.000485786751336
1022 1 0.00049427889778
1023 1 0.000527986226502
1024 1 0.000517100610599
1025 1 0.000536379975507
1026 1 0.000554419386157
1027 1 0.000634328101562
1028 1 0.000676962999467
1029 1 0.000736287732897
1030 1 0.000781551525776
1031 1 0.000819285019985
1032 1 0.000821575786089
1033 1 0.00083671385708
1034 1 0.000825913501043
1035 1 0.000834106784874
1036 1 0.000828479010721
1037 1 0.000881832136709
1038 1 0.000883162022013
1039 1 0.000879512039126
1040 1 0.0010810897227
1041 1 0.00160529627442
1042 1 0.0004810251832
1043 1 0.000471337429758
1044 1 0.000507474146526
1045 1 0.000524818251957
1046 1 0.000537988019773
1047 1 0.000552935686259
1048 1 0.000614100438278
1049 1 0.000688947303004
1050 1 0.00106243253126
1051 1 0.00141519219975
1052 1 0.00146066218763
1053 1 0.00121681458575
1054 1 0.00107606393418
1055 1 0.00101726487405
1056 1 0.00101968987633
1057 1 0.001052380417
1058 1 0.00119892834271
1059 1 0.00129745916135
1060 1 0.00132192230099
1061 1 0.00132002997377
1062 1 0.00134783856464
1063 1 0.00051788807301
1064 1 0.00050456049941
1065 1 0.0005499152622
1066 1 0.0005471984491
1067 1 0.000587222833766
1068 1 0.000612939283443
1069 1 0.000649270431725
1070 1 0.000711131019316
1071 1 0.000705328657482
1072 1 0.000803925230688
1073 1 0.000791491284158
1074 1 0.000829278162162
1075 1 0.000803517328099
1076 1 0.000805270348063
1077 1 0.000821994809585
1078 1 0.000853071016316
1079 1 0.000832279550977
1080 1 0.000851681069634
1081 1 0.000870565808832
1082 1 0.00123697614392
1083 1 0.00155614978214
1084 1 0.00053362613379
1085 1 0.00052496410423
1086 1 0.00054483719778
1087 1 0.000538100045406
1088 1 0.000562644389501
1089 1 0.000634234256387
1090 1 0.000713693320341
1091 1 0.00111113019113
1092 1 0.00147691408872
1093 1 0.00154611313481
1094 1 0.00128199652781
1095 1 0.00115520639249
1096 1 0.00105098592939
1097 1 0.00106206986819
1098 1 0.00108051220715
1099 1 0.00119331564098
1100 1 0.00129654630862
1101 1 0.00130909770033
1102 1 0.00129740682668
1103 1 0.00135499199615
1104 1 0.00056383745572
1105 1 0.000595561550543
1106 1 0.000621888240085
1107 1 0.000636437419981
1108 1 0.000643896311796
1109 1 0.000707217113812
1110 1 0.000739317781931
1111 1 0.000767013746579
1112 1 0.000785044799701
1113 1 0.000810190654728
1114 1 0.000792889393408
1115 1 0.00081377263815
1116 1 0.000807866374492
1117 1 0.00078864640317
1118 1 0.000846294350668
1119 1 0.000818433876056
1120 1 0.000864683394458
1121 1 0.000981022421804
1122 1 0.00147602366156
1123 1 0.00152797525781
1124 1 0.000598940580602
1125 1 0.000577649406701
1126 1 0.000596924270305
1127 1 0.000604009262631
1128 1 0.000663646392231
1129 1 0.000850297192622
1130 1 0.00122889475109
1131 1 0.00154422355178
1132 1 0.00157763080039
1133 1 0.00139539868722
1134 1 0.00118995557426
1135 1 0.00108966434603
1136 1 0.00108957161619
1137 1 0.00106461701267
1138 1 0.00123720162346
1139 1 0.00128356099639
1140 1 0.00132186098232
1141 1 0.00128718689191
1142 1 0.00138858420102
1143 1 0.000696189564033
1144 1 0.00071511798603
1145 1 0.000731465220095
1146 1 0.000719389726293
1147 1 0.000737957108955
1148 1 0.000751593790449
1149 1 0.00079320295201
1150 1 0.00076117262029
1151 1 0.00079545967056
1152 1 0.000809704387286
1153 1 0.000835551394995
1154 1 0.000797854948718
1155 1 0.000836955911294
1156 1 0.000878111369303
1157 1 0.000823636431615
1158 1 0.000967642435441
1159 1 0.00131457160885
1160 1 0.00163999170453
1161 1 0.00148057184084
1162 1 0.00069203473886
1163 1 0.000698828040529
1164 1 0.000742319505254
1165 1 0.00084035926389
1166 1 0.00117213053823
1167 1 0.00147895544595
1168 1 0.00168776553398
1169 1 0.0016275851191
1170 1 0.00142104459697
1171 1 0.00120371796362
1172 1 0.0011518674475
1173 1 0.00104525506634
1174 1 0.00113276084618
1175 1 0.00121372185952
1176 1 0.00130824550043
1177 1 0.0013053121933
1178 1 0.00136591306368
1179 1 0.00138177830302
1180 1 0.000803039314632
1181 1 0.000788674720317
1182 1 0.00078410468192
1183 1 0.000764961713999
1184 1 0.000803020273069
1185 1 0.000823040356013
1186 1 0.00077523960122
1187 1 0.000828093492258
1188 1 0.000804692708711
1189 1 0.00081925776994
1190 1 0.000829481875271
1191 1 0.000833805782154
1192 1 0.000903430453032
1193 1 0.00105904718411
1194 1 0.00134849484099
1195 1 0.0015912823089
1196 1 0.00149781263317
1197 1 0.00159174122466
1198 1 0.000843462316551
1199 1 0.000954307493174
1200 1 0.00120837200001
1201 1 0.00149254555122
1202 1 0.00166958883023
1203 1 0.00172408590682
1204 1 0.00154258845196
1205 1 0.00138685862789
1206 1 0.0012088613502
1207 1 0.00113894917892
1208 1 0.00109759189809
1209 1 0.00116807227029
1210 1 0.00126813877133
1211 1 0.00137005670098
1212 1 0.00131448643097
1213 1 0.00134170201972
1214 1 0.00141271783223
1215 1 0.00121575461695
1216 1 0.00105861291519
1217 1 0.000956023094381
1218 1 0.000863713503053
1219 1 0.0008581591397
1220 1 0.000868748317015
1221 1 0.000849670799616
1222 1 0.000898047258501
1223 1 0.00091696604836
1224 1 0.0010476969994
1225 1 0.00113792715261
1226 1 0.0013887250411
1227 1 0.00159780946422
1228 1 0.00167077547614
1229 1 0.00148589511041
1230 1 0.0015642442932
1231 1 0.0016820638379
1232 1 0.00141173974796
1233 1 0.00163123605135
1234 1 0.00175309638943
1235 1 0.00176021954591
1236 1 0.00159441446104
1237 1 0.001418076398
1238 1 0.00130506181634
1239 1 0.00122522257269
1240 1 0.00115150739289
1241 1 0.00119384703742
1242 1 0.00125232097449
1243 1 0.00133927168022
1244 1 0.00136914450604
1245 1 0.00133372356478
1246 1 0.00133462731324
1247 1 0.00138381473622
1248 1 0.00175029822591
1249 1 0.00171504751438
1250 1 0.00160031651512
1251 1 0.00158688227351
1252 1 0.00150703981457
1253 1 0.00152148648697
1254 1 0.00148555734862
1255 1 0.00151272075568
1256 1 0.00163491971573
1257 1 0.0016645747551
1258 1 0.00172493517759
1259 1 0.00154924663485
1260 1 0.00142293365273
1261 1 0.00147925917925
1262 1 0.00162466592314
1263 1 0.00172558628583
1264 1 0.0016537529056
1265 1 0.00153365537792
1266 1 0.00143230217969
1267 1 0.00136485124871
1268 1 0.00130424189264
1269 1 0.00125278578069
1270 1 0.00126229272382
1271 1 0.00130719795409
1272 1 0.00138641973172
1273 1 0.00140210258076
1274 1 0.00138888411957
1275 1 0.00142428002824
1276 1 0.0013701819154
1277 1 0.00148494053959
1278 1 0.00151012927218
1279 1 0.00156719814949
1280 1 0.00156196365359
1281 1 0.0015697295399
1282 1 0.00159953131671
1283 1 0.00157638066424
1284 1 0.00148034699998
1285 1 0.00144776667845
1286 1 0.00138987047206
1287 1 0.0013924812763
1288 1 0.00147525686017
1289 1 0.00166360669489
1290 1 0.00142711598718
1291 1 0.00136813916158
1292 1 0.00137090539765
1293 1 0.00133350901083
1294 1 0.00125484826771
1295 1 0.00131072002668
1296 1 0.00134764285036
1297 1 0.00136477995164
1298 1 0.00135935408446
1299 1 0.00133744387986
1300 1 0.00138193230023
1301 1 0.00143386875998
1302 1 0.00142812601067
1303 1 0.00142594865387
1304 1 0.00139396101237
1305 1 0.0013614919839
1306 1 0.00143019110956
1307 1 0.00144786834955
1308 1 0.00141681624057
1309 1 0.00152194771246
1310 1 0.00158317066319
1311 1 0.00161143053944
1312 1 0.00167887560326
1313 1 0.00137469147229
1314 1 0.00139699185865
1315 1 0.00144620475578
1316 1 0.00145109931842
1317 1 0.00152741893484
1318 1 0.00150804184008
1319 1 0.00149044308771
1320 1 0.00147582109225
1321 1 0.00146515933773
1322 1 0.0015048745841
1323 1 0.00155639937152
1324 1 0.00165109693898
1325 1 0.0015438227642
1326 1 0.0015480066872
1327 1 0.00167473822482
1328 1 0.00162426464901
1329 1 0.00162808302524
1330 1 0.0016909441342
1331 1 0.00149211427064
1332 1 0.0015604938712
1333 1 0.00160436514131
1334 1 0.0015959667376
1335 1 0.00155577197986
1336 1 0.00154753698006
1337 1 0.00151720697088
1338 1 0.000615217715297
1339 1 0.000626376736502
1340 1 0.00065889983649
1341 1 0.000672653219297
1342 1 0.000723984037584
1343 1 0.00075123334702
1344 1 0.000799537041665
1345 1 0.000813067246988
1346 1 0.000860307533013
1347 1 0.000927277606442
1348 1 0.00101610368764
1349 1 0.00102609671578
1350 1 0.00111283470872
1351 1 0.00116237066479
1352 1 0.00131589101783
1353 1 0.00139348819832
1354 1 0.00153259323845
1355 1 0.00164325630826
1356 1 0.00188766665442
1357 1 0.00202826634616
1358 1 0.00230756518282
1359 1 0.00276657771188
1360 1 0.00330557425868
1361 1 0.00366292245024
1362 1 0.00469081505936
1363 1 0.00546995192701
1364 1 0.00761474653187
1365 1 0.00954644516265
1366 1 0.0141684993461
1367 1 0.000579395781087
1368 1 0.000539118090826
1369 1 0.000540592821996
1370 1 0.000523473545295
1371 1 0.0005191027088
1372 1 0.000502146231772
1373 1 0.000513800568155
1374 1 0.000532294171002
1375 1 0.000542530305845
1376 1 0.000520534813868
1377 1 0.000577183151262
1378 1 0.000571614047219
1379 1 0.000592321556389
1380 1 0.000558718347236
1381 1 0.000554631258287
1382 1 0.000538444691012
1383 1 0.000526897152986
1384 1 0.000532878932468
1385 1 0.000529981595599
1386 1 0.000574081454469
1387 1 0.000636616003714
1388 1 0.000778308767256
1389 1 0.00121363182116
1390 1 0.00141217024078
1391 1 0.00130309368939
1392 1 0.00138042901292
1393 1 0.00145797399141
1394 1 0.00148559489217
1395 1 0.000585344473533
1396 1 0.00063458049521
1397 1 0.000642152965874
1398 1 0.000704885168623
1399 1 0.000703212366473
1400 1 0.000752314703047
1401 1 0.00076154491721
1402 1 0.000818181659945
1403 1 0.000843844002511
1404 1 0.000880535559984
1405 1 0.000931865744228
1406 1 0.0010395058774
1407 1 0.00106488945242
1408 1 0.00116255344092
1409 1 0.00129001230742
1410 1 0.0013382051064
1411 1 0.00150487237222
1412 1 0.00165710265816
1413 1 0.00183795596835
1414 1 0.00200174035347
1415 1 0.00231814337451
1416 1 0.00266581760254
1417 1 0.00305226247277
1418 1 0.00351114412182
1419 1 0.00413597031261
1420 1 0.00497493960774
1421 1 0.00564942157622
1422 1 0.00672946345716
1423 1 0.00517599069746
1424 1 0.000564103909947
1425 1 0.000563552899681
1426 1 0.000541075941477
1427 1 0.000535367292194
1428 1 0.00053122401447
1429 1 0.000500541330867
1430 1 0.000479533106168
1431 1 0.000486469630113
1432 1 0.000495999104388
1433 1 0.000484376240391
1434 1 0.000514080711701
1435 1 0.00053000102716
1436 1 0.000552824777958
1437 1 0.000558015913459
1438 1 0.000571793579286
1439 1 0.000538457783824
1440 1 0.000524059329337
1441 1 0.000512237848086
1442 1 0.000569089682608
1443 1 0.00056711890427
1444 1 0.000634859346076
1445 1 0.00085664010705
1446 1 0.00125790653525
1447 1 0.0013919820903
1448 1 0.00128533868337
1449 1 0.00136571725435
1450 1 0.00146302560675
1451 1 0.00142422044002
1452 1 0.000598051925381
1453 1 0.00062347407755
1454 1 0.00063453594602
1455 1 0.000659312804008
1456 1 0.000700935391629
1457 1 0.000738904287834
1458 1 0.000750788853087
1459 1 0.00080512406296
1460 1 0.00082137772686
1461 1 0.000889896302551
1462 1 0.000962912854561
1463 1 0.000988824020829
1464 1 0.00107087299972
1465 1 0.0011629223524
1466 1 0.00122767903447
1467 1 0.00134109701803
1468 1 0.00146489719752
1469 1 0.00154610670839
1470 1 0.00171756240228
1471 1 0.00200718134443
1472 1 0.00215795580987
1473 1 0.00249103873654
1474 1 0.00285859349409
1475 1 0.00326358891965
1476 1 0.00354103544179
1477 1 0.0040447634774
1478 1 0.00414086060882
1479 1 0.00389546143646
1480 1 0.0028494021976
1481 1 0.000567495615011
1482 1 0.000573216828676
1483 1 0.000541878723404
1484 1 0.00054153723485
1485 1 0.000490940121479
1486 1 0.000507946552139
1487 1 0.000483897452992
1488 1 0.000479709041289
1489 1 0.000484394090484
1490 1 0.000469364148639
1491 1 0.000477937340864
1492 1 0.000489084428454
1493 1 0.000512906606569
1494 1 0.000570200658976
1495 1 0.000583605409302
1496 1 0.00056757242845
1497 1 0.000576368417966
1498 1 0.000556712071728
1499 1 0.00057293061505
1500 1 0.000587758215211
1501 1 0.000699299907323
1502 1 0.000955340129511
1503 1 0.00125774486786
1504 1 0.00135263387876
1505 1 0.00129028911805
1506 1 0.0013719643582
1507 1 0.00139450432805
1508 1 0.00148662629011
1509 1 0.000581171899498
1510 1 0.000623181679265
1511 1 0.000626040491684
1512 1 0.000677244480624
1513 1 0.000718491655596
1514 1 0.000733943707764
1515 1 0.000761217575621
1516 1 0.000807872621657
1517 1 0.000837092287403
1518 1 0.000880348843734
1519 1 0.000928432568927
1520 1 0.00101094340749
1521 1 0.001078116167
1522 1 0.00112876753535
1523 1 0.00120257826732
1524 1 0.00126164900355
1525 1 0.00139177096038
1526 1 0.00154357938184
1527 1 0.00164167409981
1528 1 0.00185901680964
1529 1 0.00204483946999
1530 1 0.0023420628258
1531 1 0.00255532647974
1532 1 0.00284745993383
1533 1 0.00305824910884
1534 1 0.00306679909904
1535 1 0.00318682484437
1536 1 0.00265832016993
1537 1 0.00171280695063
1538 1 0.000579116699656
1539 1 0.000551845659644
1540 1 0.000535253638787
1541 1 0.000499496209958
1542 1 0.000513191606034
1543 1 0.000486959340531
1544 1 0.000482104565307
1545 1 0.000464181100553
1546 1 0.000469178573035
1547 1 0.000457677662642
1548 1 0.00045854160305
1549 1 0.00046013066081
1550 1 0.000499329378377
1551 1 0.00054520542742
1552 1 0.000554163894301
1553 1 0.00058231044354
1554 1 0.000549586368818
1555 1 0.000597199045519
1556 1 0.000573879483804
1557 1 0.00062950354489
1558 1 0.000781513480121
1559 1 0.000955345926146
1560 1 0.00129649636184
1561 1 0.00132069381549
1562 1 0.00133553185235
1563 1 0.00136195475352
1564 1 0.00146498309147
1565 1 0.00147363090064
1566 1 0.000586381709576
1567 1 0.000603490321361
1568 1 0.000617119731181
1569 1 0.000670354290978
1570 1 0.000714637206971
1571 1 0.000736414726243
1572 1 0.000736229268584
1573 1 0.000762567424218
1574 1 0.000836807427118
1575 1 0.000872781325796
1576 1 0.000947467977375
1577 1 0.000938569027692
1578 1 0.00100459814078
1579 1 0.00110170743486
1580 1 0.00118321886691
1581 1 0.0012506628655
1582 1 0.00132679475442
1583 1 0.00145566535411
1584 1 0.00161021559961
1585 1 0.0017235546111
1586 1 0.00192394832651
1587 1 0.00215480749133
1588 1 0.00230952169747
1589 1 0.00242911928121
1590 1 0.00259580917773
1591 1 0.00254110437478
1592 1 0.00231186916987
1593 1 0.0019694888224
1594 1 0.00129755173186
1595 1 0.000527136461657
1596 1 0.000547247750361
1597 1 0.000511601240517
1598 1 0.000508457256507
1599 1 0.000505349346007
1600 1 0.000483781281597
1601 1 0.000492710844222
1602 1 0.000444032632931
1603 1 0.000447233027349
1604 1 0.00042917780141
1605 1 0.000438248223267
1606 1 0.000464770254978
1607 1 0.000485878407066
1608 1 0.00054969485775
1609 1 0.000547548214554
1610 1 0.000592079677642
1611 1 0.000576486076224
1612 1 0.000590883068424
1613 1 0.000598359762954
1614 1 0.000673089381808
1615 1 0.000847710881136
1616 1 0.00107669169398
1617 1 0.0012252897341
1618 1 0.0013085277792
1619 1 0.00132461827675
1620 1 0.00136125791384
1621 1 0.00142887735819
1622 1 0.00146417154796
1623 1 0.000549295609599
1624 1 0.00060563890494
1625 1 0.000641274081458
1626 1 0.000649119421507
1627 1 0.000670967103584
1628 1 0.000730549083667
1629 1 0.00071751426154
1630 1 0.000743962686007
1631 1 0.000826920173241
1632 1 0.000858961935656
1633 1 0.000867389031012
1634 1 0.000956695721165
1635 1 0.000999627447307
1636 1 0.00103785821672
1637 1 0.00112732040026
1638 1 0.00119022494873
1639 1 0.0012509381412
1640 1 0.00137070971177
1641 1 0.00148890418831
1642 1 0.00162947787448
1643 1 0.00174790891093
1644 1 0.00190172067764
1645 1 0.00203766287645
1646 1 0.00213846889507
1647 1 0.00210718607697
1648 1 0.00207637975106
1649 1 0.00191198421639
1650 1 0.00152036993146
1651 1 0.00101499716728
1652 1 0.000553796390441
1653 1 0.000549862819957
1654 1 0.000506840038612
1655 1 0.000535441992263
1656 1 0.00047920067628
1657 1 0.000463838044057
1658 1 0.000470039167306
1659 1 0.000457014450316
1660 1 0.000456223181381
1661 1 0.000420854551487
1662 1 0.000454496898297
1663 1 0.00045724722142
1664 1 0.000473488455717
1665 1 0.000541360854511
1666 1 0.000591416962777
1667 1 0.000587692771632
1668 1 0.000622809103914
1669 1 0.000613185856657
1670 1 0.000648884393841
1671 1 0.000750533444145
1672 1 0.000935818834332
1673 1 0.00105788493232
1674 1 0.00123520585211
1675 1 0.00128947808514
1676 1 0.00127105292777
1677 1 0.00138964736844
1678 1 0.00148070186003
1679 1 0.00145110606831
1680 1 0.000565432739387
1681 1 0.000581153213551
1682 1 0.000597243858739
1683 1 0.000601958118185
1684 1 0.000670248262377
1685 1 0.000690487781515
1686 1 0.000731730185616
1687 1 0.000737551517921
1688 1 0.000750674997153
1689 1 0.00082452931204
1690 1 0.000871525650212
1691 1 0.000891688486937
1692 1 0.000928901099882
1693 1 0.00100758831504
1694 1 0.00105442377444
1695 1 0.00111206803436
1696 1 0.0011855445432
1697 1 0.00124020383553
1698 1 0.00142116312627
1699 1 0.00150132416293
1700 1 0.00163214383359
1701 1 0.00169489017122
1702 1 0.00179921837678
1703 1 0.00183825098757
1704 1 0.00182115554724
1705 1 0.00175951226453
1706 1 0.00151240116934
1707 1 0.00126245605257
1708 1 0.00141792834158
1709 1 0.000530958744143
1710 1 0.000514443888007
1711 1 0.000508069662138
1712 1 0.000488956709396
1713 1 0.000489212460659
1714 1 0.000478771932504
1715 1 0.000418755667271
1716 1 0.000441526683054
1717 1 0.000443658113809
1718 1 0.000411017563587
1719 1 0.000433240165863
1720 1 0.000431265858326
1721 1 0.000465170706678
1722 1 0.000540395709956
1723 1 0.000614560041477
1724 1 0.000625907104827
1725 1 0.000630114724561
1726 1 0.000649322694937
1727 1 0.00073823863334
1728 1 0.000850132572171
1729 1 0.00105583183145
1730 1 0.00114448395986
1731 1 0.00124812197794
1732 1 0.00132463639854
1733 1 0.00132914274124
1734 1 0.00134588084626
1735 1 0.00147143086725
1736 1 0.00142930355948
1737 1 0.000553642004088
1738 1 0.000587977526473
1739 1 0.000584451513858
1740 1 0.000636675901605
1741 1 0.000646005207284
1742 1 0.000682288537104
1743 1 0.000694105140869
1744 1 0.000706062542061
1745 1 0.000771041248906
1746 1 0.000778974196868
1747 1 0.000818635627792
1748 1 0.00087682060208
1749 1 0.00087978216209
1750 1 0.000977218276341
1751 1 0.00101480451063
1752 1 0.00104224879156
1753 1 0.00112921650432
1754 1 0.00123922738907
1755 1 0.00133131996207
1756 1 0.00143409360596
1757 1 0.00151459021497
1758 1 0.001577291554
1759 1 0.00161939534308
1760 1 0.00163160855452
1761 1 0.00163690463606
1762 1 0.0015027833859
1763 1 0.00127431943134
1764 1 0.00103955429692
1765 1 0.00054834757845
1766 1 0.000511887782886
1767 1 0.000506922243579
1768 1 0.000496241348192
1769 1 0.00047178900676
1770 1 0.000453633112075
1771 1 0.00041060986755
1772 1 0.000435253861123
1773 1 0.000450599765287
1774 1 0.000421916329347
1775 1 0.000432858547622
1776 1 0.000422920418798
1777 1 0.000469591103816
1778 1 0.000536022864915
1779 1 0.000620430120549
1780 1 0.000670575269079
1781 1 0.000666547384136
1782 1 0.000705189806851
1783 1 0.000814775000122
1784 1 0.000967388000436
1785 1 0.00104425681896
1786 1 0.00109073408373
1787 1 0.00122359341894
1788 1 0.00128205232835
1789 1 0.0013539476732
1790 1 0.00135066754648
1791 1 0.00141090455563
1792 1 0.000557873038486
1793 1 0.000562508187516
1794 1 0.000594027969093
1795 1 0.000581234898789
1796 1 0.00062193067356
1797 1 0.00065051923916
1798 1 0.000682438857198
1799 1 0.000706416878484
1800 1 0.000736504913146
1801 1 0.000784936076164
1802 1 0.000810534559297
1803 1 0.000831405351018
1804 1 0.000875374336456
1805 1 0.000914817947329
1806 1 0.000947750174718
1807 1 0.000968470536497
1808 1 0.00103322376424
1809 1 0.0011544124326
1810 1 0.00122255569816
1811 1 0.00135280146339
1812 1 0.00137554174438
1813 1 0.00141434918523
1814 1 0.0014727149149
1815 1 0.00146891029333
1816 1 0.00138622134308
1817 1 0.00127735232982
1818 1 0.00118379602561
1819 1 0.000944864483618
1820 1 0.000517647093198
1821 1 0.000475818195839
1822 1 0.000499674290755
1823 1 0.000479685386807
1824 1 0.000457206359482
1825 1 0.000467272503137
1826 1 0.000452895646183
1827 1 0.000416166643554
1828 1 0.000409328235507
1829 1 0.000384903616552
1830 1 0.000409191032422
1831 1 0.000422655395832
1832 1 0.000451258831487
1833 1 0.000540938005657
1834 1 0.000642881293026
1835 1 0.00070864759933
1836 1 0.000746783858261
1837 1 0.000827513434705
1838 1 0.000908667798454
1839 1 0.00101330315358
1840 1 0.00106597904345
1841 1 0.00112053328068
1842 1 0.00128065710585
1843 1 0.00129472108221
1844 1 0.00130207227699
1845 1 0.0013774819662
1846 1 0.00142943188822
1847 1 0.000531354739278
1848 1 0.00055653748852
1849 1 0.000580739120959
1850 1 0.000583133091526
1851 1 0.000612146337769
1852 1 0.000626470168429
1853 1 0.000639688630726
1854 1 0.000698158672634
1855 1 0.000719201519895
1856 1 0.000731185148406
1857 1 0.000753318384575
1858 1 0.000792850130627
1859 1 0.000811649555886
1860 1 0.000854831470408
1861 1 0.000901294100378
1862 1 0.000911581298781
1863 1 0.00100229754505
1864 1 0.00115925327667
1865 1 0.00118738123364
1866 1 0.00125363431216
1867 1 0.00125351410414
1868 1 0.00130441695871
1869 1 0.00132451334675
1870 1 0.0013038151248
1871 1 0.00125297223403
1872 1 0.00116398558958
1873 1 0.00101813833765
1874 1 0.00154899031219
1875 1 0.000504158350989
1876 1 0.000503013193116
1877 1 0.000498854778866
1878 1 0.000479832125617
1879 1 0.000441722905176
1880 1 0.000456015200019
1881 1 0.000398098309735
1882 1 0.0004246632149
1883 1 0.0004107563424
1884 1 0.000403600927839
1885 1 0.000405808687912
1886 1 0.000413339811885
1887 1 0.000461723336675
1888 1 0.000608618202022
1889 1 0.000682723548709
1890 1 0.000810345310746
1891 1 0.000842800730216
1892 1 0.00092402769225
1893 1 0.00103174192751
1894 1 0.00104114279027
1895 1 0.000974625981505
1896 1 0.00110819832411
1897 1 0.00127913600005
1898 1 0.00131681393101
1899 1 0.0013424001872
1900 1 0.00137457813985
1901 1 0.00140130020133
1902 1 0.000516322370481
1903 1 0.000499813417296
1904 1 0.000538679759904
1905 1 0.000539288509032
1906 1 0.000603260955159
1907 1 0.000619659385233
1908 1 0.000633040927137
1909 1 0.000665240210357
1910 1 0.000678875830566
1911 1 0.000703324962654
1912 1 0.000732164209189
1913 1 0.000756276048071
1914 1 0.000789140654336
1915 1 0.000806476036378
1916 1 0.000861589809573
1917 1 0.000907236281164
1918 1 0.00101038915115
1919 1 0.00109456070753
1920 1 0.00115857468555
1921 1 0.0011742801312
1922 1 0.00121091748067
1923 1 0.00122130282418
1924 1 0.00119939742049
1925 1 0.00117795718532
1926 1 0.00110751649648
1927 1 0.00104830940863
1928 1 0.000932503464651
1929 1 0.000500477753069
1930 1 0.000471028712408
1931 1 0.000459219139853
1932 1 0.000480897261818
1933 1 0.000461340231481
1934 1 0.000426673654721
1935 1 0.000432036924439
1936 1 0.00041496776669
1937 1 0.000393370264904
1938 1 0.000400900068301
1939 1 0.000405617815142
1940 1 0.000404418274907
1941 1 0.000504814251777
1942 1 0.000651438653887
1943 1 0.000794132096312
1944 1 0.000919091505874
1945 1 0.000937208263704
1946 1 0.0010163798458
1947 1 0.00106286687522
1948 1 0.000992101494859
1949 1 0.000957235734556
1950 1 0.00116360107998
1951 1 0.00131032286995
1952 1 0.00127070091182
1953 1 0.00141480090492
1954 1 0.00139409491607
1955 1 0.000497921816479
1956 1 0.000519144255891
1957 1 0.000559510558441
1958 1 0.000556017785974
1959 1 0.000552512072591
1960 1 0.000593383961
1961 1 0.00062907250925
1962 1 0.000625693770581
1963 1 0.000665633589838
1964 1 0.000692582893775
1965 1 0.000703248393669
1966 1 0.00071580738834
1967 1 0.000714594149734
1968 1 0.000780513017487
1969 1 0.000811825506283
1970 1 0.000891884083228
1971 1 0.000976855913745
1972 1 0.00106036626041
1973 1 0.0010867275777
1974 1 0.00111934990035
1975 1 0.00111685527886
1976 1 0.00119055638484
1977 1 0.00112193386159
1978 1 0.00109411455109
1979 1 0.001055070762
1980 1 0.000935286201863
1981 1 0.00136708375981
1982 1 0.000477561650212
1983 1 0.000489992238039
1984 1 0.000462861027464
1985 1 0.000442916207861
1986 1 0.000441511163498
1987 1 0.000427172098199
1988 1 0.000428548608697
1989 1 0.00040901818571
1990 1 0.000395467670833
1991 1 0.000403952434939
1992 1 0.000393276543051
1993 1 0.000446747608844
1994 1 0.00056983864196
1995 1 0.0007487278585
1996 1 0.000967438442682
1997 1 0.00103666948737
1998 1 0.00104299361977
1999 1 0.00108885093941
2000 1 0.00102323549049
2001 1 0.000906649501477
2002 1 0.00104644967336
2003 1 0.00127100051308
2004 1 0.00128112849933
2005 1 0.00134321898612
2006 1 0.00142776994224
2007 1 0.00137286182482
2008 1 0.000500470686717
2009 1 0.000505994115692
2010 1 0.000533101059053
2011 1 0.00054957801113
2012 1 0.000567797372063
2013 1 0.000562366603806
2014 1 0.000591675206381
2015 1 0.000624044267491
2016 1 0.000622528270273
2017 1 0.000649502422298
2018 1 0.000651287116929
2019 1 0.000679463897834
2020 1 0.000700071844106
2021 1 0.000767138701391
2022 1 0.000792619035857
2023 1 0.000916481553087
2024 1 0.000960240004878
2025 1 0.000994238411125
2026 1 0.00101431677465
2027 1 0.00104111619291
2028 1 0.00109398193869
2029 1 0.0010650543383
2030 1 0.00106264190697
2031 1 0.00101871623255
2032 1 0.000953790066159
2033 1 0.000944925454375
2034 1 0.000470489990018
2035 1 0.000459737060091
2036 1 0.000452405945907
2037 1 0.000441275515317
2038 1 0.000411090311097
2039 1 0.000422012640415
2040 1 0.000416883841968
2041 1 0.000404894347297
2042 1 0.000382840500715
2043 1 0.000404700273601
2044 1 0.00039941028334
2045 1 0.000480611813223
2046 1 0.000688346850137
2047 1 0.000993079785865
2048 1 0.00116765928655
2049 1 0.00115529396323
2050 1 0.00107285172369
2051 1 0.000978428257656
2052 1 0.000947571373303
2053 1 0.000950104739594
2054 1 0.00114624241478
2055 1 0.0013030597466
2056 1 0.00124430602391
2057 1 0.00134577190279
2058 1 0.00136258284399
2059 1 0.000454273599066
2060 1 0.000509379500953
2061 1 0.000497560379789
2062 1 0.000523912185611
2063 1 0.000552056206797
2064 1 0.000548923591522
2065 1 0.000575210263625
2066 1 0.000591503748234
2067 1 0.000628980924378
2068 1 0.000639411612722
2069 1 0.000661158786402
2070 1 0.000675201196489
2071 1 0.00067713815064
2072 1 0.000762839333396
2073 1 0.000824353225562
2074 1 0.000951717230394
2075 1 0.000938045668818
2076 1 0.000952191172653
2077 1 0.000973094403362
2078 1 0.000979180765081
2079 1 0.00103320278603
2080 1 0.000973182191171
2081 1 0.000997413965002
2082 1 0.000929941290064
2083 1 0.000888693737263
2084 1 0.00156958030083
2085 1 0.000474794543614
2086 1 0.000458751879162
2087 1 0.000450810859116
2088 1 0.000427907757434
2089 1 0.000428259706132
2090 1 0.000431623048577
2091 1 0.000397647439978
2092 1 0.000406606956325
2093 1 0.000417334790211
2094 1 0.000418877029582
2095 1 0.000453471636085
2096 1 0.000590141414689
2097 1 0.000944700461461
2098 1 0.00122888654198
2099 1 0.00126092351644
2100 1 0.00116008001441
2101 1 0.00100488228996
2102 1 0.000921231117709
2103 1 0.000871839616109
2104 1 0.0010416620701
2105 1 0.00128077130692
2106 1 0.00128731144289
2107 1 0.00129883191975
2108 1 0.00134087085901
2109 1 0.00137383863788
2110 1 0.000497082123697
2111 1 0.000505202428709
2112 1 0.000494406575195
2113 1 0.000528580316987
2114 1 0.000530279530746
2115 1 0.000548312655222
2116 1 0.000553056882383
2117 1 0.000563792350745
2118 1 0.000574978410764
2119 1 0.000604706909838
2120 1 0.000631936142562
2121 1 0.000642943768953
2122 1 0.00073521083363
2123 1 0.000821104528924
2124 1 0.000876924150876
2125 1 0.00090692087153
2126 1 0.000954948888522
2127 1 0.000924260048094
2128 1 0.000944245915063
2129 1 0.000989704162797
2130 1 0.0010167394034
2131 1 0.000971642335338
2132 1 0.000940375335154
2133 1 0.000907652075369
2134 1 0.00124122573819
2135 1 0.000476790983641
2136 1 0.000456434884161
2137 1 0.000452876088763
2138 1 0.00043298553837
2139 1 0.000435201193224
2140 1 0.000427829045013
2141 1 0.000409962793812
2142 1 0.000425736244515
2143 1 0.000429995111957
2144 1 0.000477885063823
2145 1 0.000591311041489
2146 1 0.000855913516591
2147 1 0.00120694912715
2148 1 0.0013287647742
2149 1 0.00118364027974
2150 1 0.00101096570537
2151 1 0.000900979896262
2152 1 0.000915555644959
2153 1 0.000990866742633
2154 1 0.0011885179771
2155 1 0.00128106649557
2156 1 0.00129882435912
2157 1 0.00132576239809
2158 1 0.00138251767403
2159 1 0.000501579679834
2160 1 0.000479426268181
2161 1 0.000501241192976
2162 1 0.000503791571703
2163 1 0.000501170750187
2164 1 0.000498402217572
2165 1 0.000541137798716
2166 1 0.000568863986762
2167 1 0.000578503367319
2168 1 0.000584222466983
2169 1 0.000627678160337
2170 1 0.000682386203278
2171 1 0.00076484190243
2172 1 0.000856376019003
2173 1 0.000892740901702
2174 1 0.000870540965135
2175 1 0.000876550207717
2176 1 0.000884973899557
2177 1 0.000949680692592
2178 1 0.000919422626592
2179 1 0.000932292710573
2180 1 0.000887973390284
2181 1 0.00089360589766
2182 1 0.00107138531624
2183 1 0.00168874342123
2184 1 0.000467088908845
2185 1 0.000436376785013
2186 1 0.000451793662669
2187 1 0.000451268981851
2188 1 0.000420588708459
2189 1 0.000432479409249
2190 1 0.000440731312569
2191 1 0.000454178823228
2192 1 0.000509175685945
2193 1 0.000592420794694
2194 1 0.000794350444393
2195 1 0.00118184133344
2196 1 0.00140568779177
2197 1 0.00122220566647
2198 1 0.00106463965017
2199 1 0.000921008629961
2200 1 0.000871901447904
2201 1 0.000932356949324
2202 1 0.00110100601613
2203 1 0.00126395651342
2204 1 0.00131010616511
2205 1 0.0012977894294
2206 1 0.00135441409115
2207 1 0.00139706594049
2208 1 0.000472011093862
2209 1 0.000481471473566
2210 1 0.000474112219726
2211 1 0.00048316146165
2212 1 0.000500739635604
2213 1 0.000515625361839
2214 1 0.000544706470398
2215 1 0.000540014137772
2216 1 0.000599123464738
2217 1 0.000615456709571
2218 1 0.00066186695056
2219 1 0.00072774583259
2220 1 0.000800631550953
2221 1 0.000832282613778
2222 1 0.000857904769299
2223 1 0.000845359600714
2224 1 0.000888988969764
2225 1 0.000911411391243
2226 1 0.000886172517306
2227 1 0.000897488650989
2228 1 0.000935343072877
2229 1 0.000895382491154
2230 1 0.000977362375819
2231 1 0.00156792500795
2232 1 0.000456264265446
2233 1 0.000468414170249
2234 1 0.000480984936865
2235 1 0.000460343489697
2236 1 0.000468995858154
2237 1 0.000473419051846
2238 1 0.000515969390414
2239 1 0.000543164833465
2240 1 0.0005799280943
2241 1 0.000741188243495
2242 1 0.00111965953331
2243 1 0.00138081011888
2244 1 0.00134206411396
2245 1 0.0010672670773
2246 1 0.00104301282722
2247 1 0.000965705257089
2248 1 0.000952017845285
2249 1 0.0010279097435
2250 1 0.00119905606752
2251 1 0.00130103041308
2252 1 0.00129633852601
2253 1 0.00137718210913
2254 1 0.00136739856617
2255 1 0.000464934707228
2256 1 0.000482044777831
2257 1 0.000472528241649
2258 1 0.000502762334622
2259 1 0.000535681689739
2260 1 0.000528563300571
2261 1 0.000527385952438
2262 1 0.000548732211961
2263 1 0.000598242741299
2264 1 0.000681508621958
2265 1 0.000705101285456
2266 1 0.000788301775398
2267 1 0.000824626741199
2268 1 0.00079744830402
2269 1 0.000811860422653
2270 1 0.00082223399354
2271 1 0.000922161886724
2272 1 0.000870662839451
2273 1 0.000867183082083
2274 1 0.000880861236197
2275 1 0.00088855831184
2276 1 0.00102691217684
2277 1 0.00161615447001
2278 1 0.000473703979462
2279 1 0.000455324262353
2280 1 0.000498142424014
2281 1 0.000483738969065
2282 1 0.000470542377024
2283 1 0.000522924935099
2284 1 0.000557721910574
2285 1 0.000615723947528
2286 1 0.000717938521694
2287 1 0.00106730768227
2288 1 0.0013574394504
2289 1 0.00137783970561
2290 1 0.00115216084231
2291 1 0.00101742023062
2292 1 0.000962348533375
2293 1 0.000994996538862
2294 1 0.00104456383095
2295 1 0.00121688675493
2296 1 0.00130394390688
2297 1 0.00130418478937
2298 1 0.00134294535838
2299 1 0.00133797702142
2300 1 0.000476956738307
2301 1 0.000499105199408
2302 1 0.000476216306011
2303 1 0.000514515473015
2304 1 0.000515980228236
2305 1 0.000544672367698
2306 1 0.000566966314415
2307 1 0.000610191220947
2308 1 0.000682978645267
2309 1 0.000732185437511
2310 1 0.000760722929897
2311 1 0.000812196391603
2312 1 0.000816082102246
2313 1 0.000802645539222
2314 1 0.000851880518011
2315 1 0.000852942772614
2316 1 0.000852070068467
2317 1 0.000874758395952
2318 1 0.000823398961731
2319 1 0.000836191748414
2320 1 0.00107913163615
2321 1 0.00153687878338
2322 1 0.000492836541326
2323 1 0.000494469298098
2324 1 0.000481640553337
2325 1 0.00053142724797
2326 1 0.000541136459541
2327 1 0.000549301334216
2328 1 0.000585188154627
2329 1 0.000690412446011
2330 1 0.00101624011213
2331 1 0.00137970234906
2332 1 0.00145176608884
2333 1 0.0012156144733
2334 1 0.00107459978126
2335 1 0.00104828829948
2336 1 0.00101276485746
2337 1 0.00106006763826
2338 1 0.00116019415343
2339 1 0.00129591974637
2340 1 0.00130530933691
2341 1 0.00131267374993
2342 1 0.00138083871535
2343 1 0.000513766959056
2344 1 0.000504032206627
2345 1 0.000527099055757
2346 1 0.000531467108155
2347 1 0.000564997873979
2348 1 0.000602618559966
2349 1 0.000623618974551
2350 1 0.00071308507382
2351 1 0.000716244240911
2352 1 0.000785901537166
2353 1 0.000753553650615
2354 1 0.000807513177805
2355 1 0.000787666706552
2356 1 0.000800271364293
2357 1 0.000830085106904
2358 1 0.000848599565447
2359 1 0.000853628426587
2360 1 0.000841609492386
2361 1 0.000898792486442
2362 1 0.00125372275759
2363 1 0.00161023225771
2364 1 0.00052486155706
2365 1 0.000526786891539
2366 1 0.000538585638553
2367 1 0.000547934901133
2368 1 0.000582991689377
2369 1 0.000616889779185
2370 1 0.000753292621037
2371 1 0.00105588785587
2372 1 0.00143356979083
2373 1 0.00153784678085
2374 1 0.00129339942917
2375 1 0.00114945690026
2376 1 0.00107342495653
2377 1 0.00102550605884
2378 1 0.00102683309388
2379 1 0.00117270370956
2380 1 0.0012739610014
2381 1 0.00130428910079
2382 1 0.00129842686861
2383 1 0.00131072163725
2384 1 0.000587299695216
2385 1 0.00057074890974
2386 1 0.000595369487787
2387 1 0.000620445130625
2388 1 0.000646035757858
2389 1 0.000676164236229
2390 1 0.000721590691208
2391 1 0.000767926941945
2392 1 0.000754139002025
2393 1 0.000790098723743
2394 1 0.000801958349536
2395 1 0.000791522856156
2396 1 0.00082131245263
2397 1 0.000805031454145
2398 1 0.000791586881167
2399 1 0.000793367437233
2400 1 0.000833025897709
2401 1 0.0010023681351
2402 1 0.00142355570986
2403 1 0.0015175289602
2404 1 0.000539229429074
2405 1 0.000597694595218
2406 1 0.00058638403096
2407 1 0.000638023236478
2408 1 0.00066191735575
2409 1 0.000850935798106
2410 1 0.00122413550335
2411 1 0.0015055943667
2412 1 0.00159780614227
2413 1 0.00133731448155
2414 1 0.00116670422911
2415 1 0.00113084991058
2416 1 0.00107252845713
2417 1 0.00107319534602
2418 1 0.00120855654677
2419 1 0.00128100085713
2420 1 0.00133818516945
2421 1 0.00132952065178
2422 1 0.00135116382762
2423 1 0.000672074646171
2424 1 0.000679463056359
2425 1 0.000714714506045
2426 1 0.000701236140836
2427 1 0.00073612161905
2428 1 0.000782237859481
2429 1 0.000774884633795
2430 1 0.000733857355106
2431 1 0.00077444044447
2432 1 0.000803884823747
2433 1 0.000825102119183
2434 1 0.000842322611406
2435 1 0.000822612441757
2436 1 0.000816506710032
2437 1 0.000830406896406
2438 1 0.000963290302723
2439 1 0.00132075482797
2440 1 0.00158714489492
2441 1 0.00147364316858
2442 1 0.000720877611163
2443 1 0.000698016234134
2444 1 0.000713772112651
2445 1 0.000819626261546
2446 1 0.00111333028912
2447 1 0.00145865134118
2448 1 0.00168016956976
2449 1 0.00167060527291
2450 1 0.00142231261284
2451 1 0.00119840391924
2452 1 0.00113584522823
2453 1 0.00111064519581
2454 1 0.00112358920147
2455 1 0.00122193038773
2456 1 0.00131064275207
2457 1 0.00130583836257
2458 1 0.00130949851923
2459 1 0.00134830594155
2460 1 0.000801300378882
2461 1 0.000785398508739
2462 1 0.000795484166129
2463 1 0.00078033207545
2464 1 0.000791082062103
2465 1 0.000774078342892
2466 1 0.000762062778517
2467 1 0.00080614496709
2468 1 0.000805484884101
2469 1 0.000821060469233
2470 1 0.000827215964451
2471 1 0.00086385021439
2472 1 0.000829348396597
2473 1 0.00103368768044
2474 1 0.00134248784125
2475 1 0.00162427208321
2476 1 0.00143156473864
2477 1 0.0016133104693
2478 1 0.000864126422226
2479 1 0.000994193052422
2480 1 0.00121999104595
2481 1 0.0014459222654
2482 1 0.00167626034624
2483 1 0.00174559334288
2484 1 0.00158361098346
2485 1 0.00138169402976
2486 1 0.00124705085271
2487 1 0.00111872066827
2488 1 0.00107644631343
2489 1 0.0011669948628
2490 1 0.00125954830565
2491 1 0.00131853449868
2492 1 0.00134142544877
2493 1 0.00130099843244
2494 1 0.00138661010696
2495 1 0.0011961170536
2496 1 0.00108037628015
2497 1 0.000985255862505
2498 1 0.000897318066186
2499 1 0.000888698755104
2500 1 0.000879480174096
2501 1 0.000877868020928
2502 1 0.000898237274847
2503 1 0.000951746210054
2504 1 0.00100515781515
2505 1 0.00115465604257
2506 1 0.0013368580986
2507 1 0.00154842261694
2508 1 0.00161186764929
2509 1 0.00145366193546
2510 1 0.00154328180883
2511 1 0.00169977587287
2512 1 0.00143274364626
2513 1 0.00160231635777
2514 1 0.0017479413054
2515 1 0.00176109511976
2516 1 0.00160434648794
2517 1 0.0014552516995
2518 1 0.00133022299503
2519 1 0.00119758439998
2520 1 0.00115078766328
2521 1 0.0011740695218
2522 1 0.00126794912059
2523 1 0.00136919875809
2524 1 0.00140294098788
2525 1 0.00133112537779
2526 1 0.00140404336719
2527 1 0.00140268801782
2528 1 0.00170390289117
2529 1 0.00171635847148
2530 1 0.00159035729579
2531 1 0.00154186295964
2532 1 0.0015149236568
2533 1 0.00152492860903
2534 1 0.00152897558039
2535 1 0.00156900338143
2536 1 0.00161733614121
2537 1 0.00165276314296
2538 1 0.00166753577717
2539 1 0.00158395816246
2540 1 0.00139478293873
2541 1 0.0014426515181
2542 1 0.00160797311283
2543 1 0.00174924993549
2544 1 0.00167366155927
2545 1 0.00155673506599
2546 1 0.00144829871613
2547 1 0.00136228954766
2548 1 0.00130494565573
2549 1 0.00121427225569
2550 1 0.00122819554788
2551 1 0.0012799847411
2552 1 0.00131948776697
2553 1 0.00138461094807
2554 1 0.00139596402212
2555 1 0.00144047452076
2556 1 0.00141329151094
2557 1 0.00149202407495
2558 1 0.00151568607079
2559 1 0.00157741404342
2560 1 0.00156261137401
2561 1 0.00157643876732
2562 1 0.00156252010322
2563 1 0.00156465564394
2564 1 0.00153663664708
2565 1 0.00144103369909
2566 1 0.00142897803865
2567 1 0.00141250544038
2568 1 0.00151683189874
2569 1 0.00160310140509
2570 1 0.0014431439804
2571 1 0.00137286462698
2572 1 0.00134940756589
2573 1 0.00132702758062
2574 1 0.00128112176152
2575 1 0.00136109652364
2576 1 0.00135343903668
2577 1 0.0013740512862
2578 1 0.00139647589268
2579 1 0.00136673787536
2580 1 0.00136902421386
2581 1 0.00145071824439
2582 1 0.00138700871449
2583 1 0.00141874952463
2584 1 0.00139183094266
2585 1 0.00136850622604
2586 1 0.00143093434005
2587 1 0.00144706087044
2588 1 0.00146318783571
2589 1 0.00149960615868
2590 1 0.00153802212827
2591 1 0.0015546195689
2592 1 0.00169070390438
2593 1 0.00139158030933
2594 1 0.00139133758582
2595 1 0.00143852026961
2596 1 0.00147064117065
2597 1 0.00152092168594
2598 1 0.00148801018732
2599 1 0.00147426579853
2600 1 0.00146336497307
2601 1 0.00150119858001
2602 1 0.00148446786577
2603 1 0.00156782183238
2604 1 0.00160348894447
2605 1 0.00155206867839
2606 1 0.00155274360059
2607 1 0.00160558060357
2608 1 0.0015676687232
2609 1 0.0016579394137
2610 1 0.00166379050651
2611 1 0.00150387903759
2612 1 0.00152700230583
2613 1 0.00159229875203
2614 1 0.00154683906113
2615 1 0.0015654491247
2616 1 0.00153141274153
2617 1 0.00156917245691
