pixelID x y mppcID probability
1 0.0 0.0 1 0.000605574653739
2 0.5 0.0 1 0.000615907417964
3 1.0 0.0 1 0.000669188073274
4 1.5 0.0 1 0.00067999283404
5 2.0 0.0 1 0.000715911418682
6 2.5 0.0 1 0.000741258796326
7 3.0 0.0 1 0.000795947312283
8 3.5 0.0 1 0.000854753980831
9 4.0 0.0 1 0.000870641899511
10 4.5 0.0 1 0.000920489299789
11 5.0 0.0 1 0.000960382858769
12 5.5 0.0 1 0.00107583497174
13 6.0 0.0 1 0.00112233998932
14 6.5 0.0 1 0.00117858668476
15 7.0 0.0 1 0.00130933074759
16 7.5 0.0 1 0.00137910608001
17 8.0 0.0 1 0.00153268647901
18 8.5 0.0 1 0.00169658774557
19 9.0 0.0 1 0.00188093280008
20 9.5 0.0 1 0.00206618656739
21 10.0 0.0 1 0.00241195505747
22 10.5 0.0 1 0.0027492748964
23 11.0 0.0 1 0.00339764299847
24 11.5 0.0 1 0.00383844291723
25 12.0 0.0 1 0.00492285594639
26 12.5 0.0 1 0.00583670687277
27 13.0 0.0 1 0.008501204386
28 13.5 0.0 1 0.012062628676
29 14.0 0.0 1 0.0280162311234
30 -0.5 0.0 1 0.000592291886058
31 -1.0 0.0 1 0.000557673308805
32 -1.5 0.0 1 0.000549832496335
33 -2.0 0.0 1 0.00053074700474
34 -2.5 0.0 1 0.000510759599361
35 -3.0 0.0 1 0.000525648868733
36 -3.5 0.0 1 0.000493070178451
37 -4.0 0.0 1 0.000503228965723
38 -4.5 0.0 1 0.000541387855698
39 -5.0 0.0 1 0.000565798323671
40 -5.5 0.0 1 0.000573975468997
41 -6.0 0.0 1 0.000592871991049
42 -6.5 0.0 1 0.000573210263048
43 -7.0 0.0 1 0.000552576270902
44 -7.5 0.0 1 0.000529853000362
45 -8.0 0.0 1 0.000554558153873
46 -8.5 0.0 1 0.000518061710845
47 -9.0 0.0 1 0.000501066368078
48 -9.5 0.0 1 0.000530061742053
49 -10.0 0.0 1 0.000566677108652
50 -10.5 0.0 1 0.000605962963759
51 -11.0 0.0 1 0.000802328710601
52 -11.5 0.0 1 0.00121559074784
53 -12.0 0.0 1 0.0014158040843
54 -12.5 0.0 1 0.00126567549501
55 -13.0 0.0 1 0.00135904592288
56 -13.5 0.0 1 0.00144084260027
57 -14.0 0.0 1 0.00144965633545
58 0.0 0.5 1 0.000602860758336
59 0.5 0.5 1 0.000624754934179
60 1.0 0.5 1 0.000648270178745
61 1.5 0.5 1 0.000674742317495
62 2.0 0.5 1 0.000724063236462
63 2.5 0.5 1 0.000753407526115
64 3.0 0.5 1 0.0007958645941
65 3.5 0.5 1 0.000826505814415
66 4.0 0.5 1 0.000864229271142
67 4.5 0.5 1 0.000935885690083
68 5.0 0.5 1 0.000987238205118
69 5.5 0.5 1 0.00102154503807
70 6.0 0.5 1 0.00111220131054
71 6.5 0.5 1 0.00116765556716
72 7.0 0.5 1 0.00131672417931
73 7.5 0.5 1 0.00138666212795
74 8.0 0.5 1 0.00153598028017
75 8.5 0.5 1 0.00165785917972
76 9.0 0.5 1 0.0018805260203
77 9.5 0.5 1 0.00202803063227
78 10.0 0.5 1 0.00234257081159
79 10.5 0.5 1 0.00273844920188
80 11.0 0.5 1 0.0032729044819
81 11.5 0.5 1 0.00371054664469
82 12.0 0.5 1 0.00472201035614
83 12.5 0.5 1 0.00550883030468
84 13.0 0.5 1 0.00763575854151
85 13.5 0.5 1 0.00958447782801
86 14.0 0.5 1 0.0141429101512
87 -0.5 0.5 1 0.000573063742577
88 -1.0 0.5 1 0.000560927130082
89 -1.5 0.5 1 0.000536097618323
90 -2.0 0.5 1 0.000536728984022
91 -2.5 0.5 1 0.00050896921889
92 -3.0 0.5 1 0.000509876930789
93 -3.5 0.5 1 0.000517763537793
94 -4.0 0.5 1 0.000530772227563
95 -4.5 0.5 1 0.000535325518502
96 -5.0 0.5 1 0.000522166679718
97 -5.5 0.5 1 0.000575030049453
98 -6.0 0.5 1 0.000574263699079
99 -6.5 0.5 1 0.000584047026912
100 -7.0 0.5 1 0.000563201057396
101 -7.5 0.5 1 0.000556524029008
102 -8.0 0.5 1 0.000542390837873
103 -8.5 0.5 1 0.000530674659927
104 -9.0 0.5 1 0.000535947126159
105 -9.5 0.5 1 0.000532084968444
106 -10.0 0.5 1 0.000567321250967
107 -10.5 0.5 1 0.00063107256431
108 -11.0 0.5 1 0.000809554778509
109 -11.5 0.5 1 0.00120211545393
110 -12.0 0.5 1 0.00139684858555
111 -12.5 0.5 1 0.00130252681663
112 -13.0 0.5 1 0.00137253943718
113 -13.5 0.5 1 0.00145108829698
114 -14.0 0.5 1 0.00148470510517
115 0.0 1.0 1 0.000592027332163
116 0.5 1.0 1 0.000645801981916
117 1.0 1.0 1 0.000650233136351
118 1.5 1.0 1 0.000680547959594
119 2.0 1.0 1 0.00071115840459
120 2.5 1.0 1 0.000750700928437
121 3.0 1.0 1 0.000781373996571
122 3.5 1.0 1 0.000828370132141
123 4.0 1.0 1 0.000865106857026
124 4.5 1.0 1 0.000885122440622
125 5.0 1.0 1 0.000955644406035
126 5.5 1.0 1 0.00104111135136
127 6.0 1.0 1 0.00110313673293
128 6.5 1.0 1 0.00115068629719
129 7.0 1.0 1 0.00128562354647
130 7.5 1.0 1 0.0013543963452
131 8.0 1.0 1 0.00149254741348
132 8.5 1.0 1 0.00164642781447
133 9.0 1.0 1 0.00183124240885
134 9.5 1.0 1 0.00199795263716
135 10.0 1.0 1 0.00233730216247
136 10.5 1.0 1 0.00266173562724
137 11.0 1.0 1 0.00309445416736
138 11.5 1.0 1 0.00354999350221
139 12.0 1.0 1 0.00413265836712
140 12.5 1.0 1 0.00495181634367
141 13.0 1.0 1 0.00570315929797
142 13.5 1.0 1 0.00672087963303
143 14.0 1.0 1 0.00519164344165
144 -0.5 1.0 1 0.000572452901664
145 -1.0 1.0 1 0.000560412121051
146 -1.5 1.0 1 0.000537172810329
147 -2.0 1.0 1 0.000537890946142
148 -2.5 1.0 1 0.00052325333651
149 -3.0 1.0 1 0.000510110632179
150 -3.5 1.0 1 0.000482509312921
151 -4.0 1.0 1 0.000485169073093
152 -4.5 1.0 1 0.000486601621661
153 -5.0 1.0 1 0.000497265187185
154 -5.5 1.0 1 0.000526144752969
155 -6.0 1.0 1 0.000526697724593
156 -6.5 1.0 1 0.00056556339465
157 -7.0 1.0 1 0.000558299782039
158 -7.5 1.0 1 0.000561204309737
159 -8.0 1.0 1 0.000553003619504
160 -8.5 1.0 1 0.000534590115983
161 -9.0 1.0 1 0.000520807730056
162 -9.5 1.0 1 0.000549183449761
163 -10.0 1.0 1 0.000584177190651
164 -10.5 1.0 1 0.000646067872522
165 -11.0 1.0 1 0.000871085379205
166 -11.5 1.0 1 0.00125269606503
167 -12.0 1.0 1 0.00138726816354
168 -12.5 1.0 1 0.00130681717574
169 -13.0 1.0 1 0.00135388463489
170 -13.5 1.0 1 0.00146657853347
171 -14.0 1.0 1 0.00145009471538
172 0.0 1.5 1 0.000588936483437
173 0.5 1.5 1 0.0006190526323
174 1.0 1.5 1 0.000648728455491
175 1.5 1.5 1 0.000663178408436
176 2.0 1.5 1 0.000698807426047
177 2.5 1.5 1 0.000731035736597
178 3.0 1.5 1 0.000748827514815
179 3.5 1.5 1 0.000812821441764
180 4.0 1.5 1 0.000852827162638
181 4.5 1.5 1 0.000884810863324
182 5.0 1.5 1 0.000965948371672
183 5.5 1.5 1 0.000997017820434
184 6.0 1.5 1 0.00108362224705
185 6.5 1.5 1 0.0011512843387
186 7.0 1.5 1 0.00123356351757
187 7.5 1.5 1 0.00133751093423
188 8.0 1.5 1 0.0014426216726
189 8.5 1.5 1 0.00158127273045
190 9.0 1.5 1 0.00174673974969
191 9.5 1.5 1 0.00198723262156
192 10.0 1.5 1 0.00218626281693
193 10.5 1.5 1 0.00246027158645
194 11.0 1.5 1 0.00283619507696
195 11.5 1.5 1 0.00325738762445
196 12.0 1.5 1 0.00352309397039
197 12.5 1.5 1 0.00406805268286
198 13.0 1.5 1 0.0040852518073
199 13.5 1.5 1 0.00393694169562
200 14.0 1.5 1 0.00286240015164
201 -0.5 1.5 1 0.000565856283244
202 -1.0 1.5 1 0.000560064450577
203 -1.5 1.5 1 0.000534067528387
204 -2.0 1.5 1 0.00052689782471
205 -2.5 1.5 1 0.000502882657192
206 -3.0 1.5 1 0.000497797364278
207 -3.5 1.5 1 0.000484724120946
208 -4.0 1.5 1 0.000475286826681
209 -4.5 1.5 1 0.000477616481587
210 -5.0 1.5 1 0.000470701611192
211 -5.5 1.5 1 0.00046797932136
212 -6.0 1.5 1 0.00048557853179
213 -6.5 1.5 1 0.000514143222235
214 -7.0 1.5 1 0.000563093413439
215 -7.5 1.5 1 0.000578516190155
216 -8.0 1.5 1 0.000572669471665
217 -8.5 1.5 1 0.000559222514022
218 -9.0 1.5 1 0.000554635906382
219 -9.5 1.5 1 0.000571813596561
220 -10.0 1.5 1 0.000582354080262
221 -10.5 1.5 1 0.000698415424936
222 -11.0 1.5 1 0.000940655374569
223 -11.5 1.5 1 0.00124272173744
224 -12.0 1.5 1 0.00135165595392
225 -12.5 1.5 1 0.00128929412515
226 -13.0 1.5 1 0.00138131969651
227 -13.5 1.5 1 0.00142453238188
228 -14.0 1.5 1 0.00148937457917
229 0.0 2.0 1 0.000596184377229
230 0.5 2.0 1 0.000619774001351
231 1.0 2.0 1 0.000633039331228
232 1.5 2.0 1 0.000670540411262
233 2.0 2.0 1 0.000713614264294
234 2.5 2.0 1 0.000733769615935
235 3.0 2.0 1 0.000751906655908
236 3.5 2.0 1 0.00079063805701
237 4.0 2.0 1 0.000844302981682
238 4.5 2.0 1 0.000894050926191
239 5.0 2.0 1 0.000940539409726
240 5.5 2.0 1 0.00100631805115
241 6.0 2.0 1 0.0010759075672
242 6.5 2.0 1 0.00112695680864
243 7.0 2.0 1 0.00119642192519
244 7.5 2.0 1 0.00126591644951
245 8.0 2.0 1 0.00139417739973
246 8.5 2.0 1 0.00153921623196
247 9.0 2.0 1 0.00166517078189
248 9.5 2.0 1 0.00185615948797
249 10.0 2.0 1 0.00203258511807
250 10.5 2.0 1 0.00233145292014
251 11.0 2.0 1 0.00253152721255
252 11.5 2.0 1 0.00283555675944
253 12.0 2.0 1 0.00306264089504
254 12.5 2.0 1 0.00309396312161
255 13.0 2.0 1 0.003165808445
256 13.5 2.0 1 0.00266194248181
257 14.0 2.0 1 0.00172209507212
258 -0.5 2.0 1 0.000574462712785
259 -1.0 2.0 1 0.000554011295788
260 -1.5 2.0 1 0.000524931227736
261 -2.0 2.0 1 0.000512737943623
262 -2.5 2.0 1 0.000510809063401
263 -3.0 2.0 1 0.000492687674824
264 -3.5 2.0 1 0.000476552377244
265 -4.0 2.0 1 0.000453434614781
266 -4.5 2.0 1 0.000468658752089
267 -5.0 2.0 1 0.000465654867923
268 -5.5 2.0 1 0.000451873500707
269 -6.0 2.0 1 0.000460770521337
270 -6.5 2.0 1 0.000503961471565
271 -7.0 2.0 1 0.000555706081979
272 -7.5 2.0 1 0.000563928411394
273 -8.0 2.0 1 0.000581957119522
274 -8.5 2.0 1 0.000558417687281
275 -9.0 2.0 1 0.000578338102898
276 -9.5 2.0 1 0.000579527197072
277 -10.0 2.0 1 0.000624278077081
278 -10.5 2.0 1 0.000773670535632
279 -11.0 2.0 1 0.0009802580554
280 -11.5 2.0 1 0.00128066362071
281 -12.0 2.0 1 0.00132721019401
282 -12.5 2.0 1 0.0013305988265
283 -13.0 2.0 1 0.0013710931808
284 -13.5 2.0 1 0.00146059601405
285 -14.0 2.0 1 0.00146534202518
286 0.0 2.5 1 0.000587861324914
287 0.5 2.5 1 0.000611276929224
288 1.0 2.5 1 0.000625429247658
289 1.5 2.5 1 0.000650771773236
290 2.0 2.5 1 0.000702936357955
291 2.5 2.5 1 0.000733580471135
292 3.0 2.5 1 0.000737971923023
293 3.5 2.5 1 0.000768516058146
294 4.0 2.5 1 0.000818989342581
295 4.5 2.5 1 0.000884827100836
296 5.0 2.5 1 0.000940935722085
297 5.5 2.5 1 0.000947669945012
298 6.0 2.5 1 0.00100249403841
299 6.5 2.5 1 0.00108520478791
300 7.0 2.5 1 0.00118803574658
301 7.5 2.5 1 0.00122557073418
302 8.0 2.5 1 0.00131938595318
303 8.5 2.5 1 0.00144869726329
304 9.0 2.5 1 0.00156601101771
305 9.5 2.5 1 0.00172845888039
306 10.0 2.5 1 0.00192253109441
307 10.5 2.5 1 0.00211342058792
308 11.0 2.5 1 0.00230171060303
309 11.5 2.5 1 0.00241192596484
310 12.0 2.5 1 0.00258249305193
311 12.5 2.5 1 0.00252007816178
312 13.0 2.5 1 0.00229754499615
313 13.5 2.5 1 0.00196805648095
314 14.0 2.5 1 0.00130224251862
315 -0.5 2.5 1 0.000542715863701
316 -1.0 2.5 1 0.000551240035898
317 -1.5 2.5 1 0.000519889567709
318 -2.0 2.5 1 0.000518909084914
319 -2.5 2.5 1 0.000510109491173
320 -3.0 2.5 1 0.000494528696381
321 -3.5 2.5 1 0.000481767104206
322 -4.0 2.5 1 0.000454460520614
323 -4.5 2.5 1 0.00045369223209
324 -5.0 2.5 1 0.00043480234094
325 -5.5 2.5 1 0.000446540538611
326 -6.0 2.5 1 0.000441297498233
327 -6.5 2.5 1 0.00048445456783
328 -7.0 2.5 1 0.000531709470863
329 -7.5 2.5 1 0.000569380332433
330 -8.0 2.5 1 0.000584222467782
331 -8.5 2.5 1 0.000570079009237
332 -9.0 2.5 1 0.000581424465902
333 -9.5 2.5 1 0.000607746357256
334 -10.0 2.5 1 0.000690539184589
335 -10.5 2.5 1 0.00084421714961
336 -11.0 2.5 1 0.00105680519611
337 -11.5 2.5 1 0.00124871651831
338 -12.0 2.5 1 0.00131090125719
339 -12.5 2.5 1 0.00130519720069
340 -13.0 2.5 1 0.00136617275584
341 -13.5 2.5 1 0.00144141768811
342 -14.0 2.5 1 0.00148859642253
343 0.0 3.0 1 0.000546183543897
344 0.5 3.0 1 0.00059193121224
345 1.0 3.0 1 0.000619401989128
346 1.5 3.0 1 0.00065379621144
347 2.0 3.0 1 0.000670599057248
348 2.5 3.0 1 0.000734673069476
349 3.0 3.0 1 0.000730972150723
350 3.5 3.0 1 0.000752379042914
351 4.0 3.0 1 0.000814927790185
352 4.5 3.0 1 0.00084190042054
353 5.0 3.0 1 0.000871692713787
354 5.5 3.0 1 0.000948393809912
355 6.0 3.0 1 0.00100461340286
356 6.5 3.0 1 0.0010479778549
357 7.0 3.0 1 0.00112602675464
358 7.5 3.0 1 0.00119127372831
359 8.0 3.0 1 0.00124121510942
360 8.5 3.0 1 0.00135538476124
361 9.0 3.0 1 0.00149752824883
362 9.5 3.0 1 0.0016014654128
363 10.0 3.0 1 0.0017711032774
364 10.5 3.0 1 0.00189870236692
365 11.0 3.0 1 0.00201822323515
366 11.5 3.0 1 0.00214210376943
367 12.0 3.0 1 0.00210346105839
368 12.5 3.0 1 0.00207678935075
369 13.0 3.0 1 0.00191285764858
370 13.5 3.0 1 0.00150472895119
371 14.0 3.0 1 0.00103575821041
372 -0.5 3.0 1 0.000548132172124
373 -1.0 3.0 1 0.000535336688176
374 -1.5 3.0 1 0.000511244199102
375 -2.0 3.0 1 0.000514208305617
376 -2.5 3.0 1 0.000482398267148
377 -3.0 3.0 1 0.000464217191392
378 -3.5 3.0 1 0.000463975365618
379 -4.0 3.0 1 0.000454769590074
380 -4.5 3.0 1 0.000444867196574
381 -5.0 3.0 1 0.000417822272898
382 -5.5 3.0 1 0.000428364946951
383 -6.0 3.0 1 0.000437710365954
384 -6.5 3.0 1 0.000474785039605
385 -7.0 3.0 1 0.000548630122796
386 -7.5 3.0 1 0.000589990073133
387 -8.0 3.0 1 0.000603772670982
388 -8.5 3.0 1 0.00061805875048
389 -9.0 3.0 1 0.00062412161349
390 -9.5 3.0 1 0.000649204035993
391 -10.0 3.0 1 0.000754575651841
392 -10.5 3.0 1 0.000930760353755
393 -11.0 3.0 1 0.00107430193372
394 -11.5 3.0 1 0.00125448738359
395 -12.0 3.0 1 0.00131615455245
396 -12.5 3.0 1 0.00128820302696
397 -13.0 3.0 1 0.00136887448325
398 -13.5 3.0 1 0.00149290995645
399 -14.0 3.0 1 0.00146024197428
400 0.0 3.5 1 0.000563992954142
401 0.5 3.5 1 0.000589101653544
402 1.0 3.5 1 0.000602924066299
403 1.5 3.5 1 0.000618695975794
404 2.0 3.5 1 0.000655631200168
405 2.5 3.5 1 0.000687385815028
406 3.0 3.5 1 0.000714728624062
407 3.5 3.5 1 0.000727579144038
408 4.0 3.5 1 0.000769463208281
409 4.5 3.5 1 0.000826092265362
410 5.0 3.5 1 0.000863462281756
411 5.5 3.5 1 0.000894687164346
412 6.0 3.5 1 0.000960645700072
413 6.5 3.5 1 0.00100583577095
414 7.0 3.5 1 0.00104133641303
415 7.5 3.5 1 0.00112027735062
416 8.0 3.5 1 0.00118907865246
417 8.5 3.5 1 0.00126074052407
418 9.0 3.5 1 0.00140398944409
419 9.5 3.5 1 0.00149539104027
420 10.0 3.5 1 0.00162692618555
421 10.5 3.5 1 0.0017395649711
422 11.0 3.5 1 0.00179408699779
423 11.5 3.5 1 0.00185469708761
424 12.0 3.5 1 0.00181944762622
425 12.5 3.5 1 0.00174397863717
426 13.0 3.5 1 0.00152189698235
427 13.5 3.5 1 0.00124336568776
428 14.0 3.5 1 0.00140857313575
429 -0.5 3.5 1 0.000537957762282
430 -1.0 3.5 1 0.000527836457332
431 -1.5 3.5 1 0.000521584391947
432 -2.0 3.5 1 0.000494254503056
433 -2.5 3.5 1 0.000486241970096
434 -3.0 3.5 1 0.000472238409092
435 -3.5 3.5 1 0.000445580591681
436 -4.0 3.5 1 0.000443417017153
437 -4.5 3.5 1 0.000442317236516
438 -5.0 3.5 1 0.000411941314773
439 -5.5 3.5 1 0.000426432584326
440 -6.0 3.5 1 0.000437711669388
441 -6.5 3.5 1 0.000465022974695
442 -7.0 3.5 1 0.000537275072621
443 -7.5 3.5 1 0.000601124317429
444 -8.0 3.5 1 0.000617870504812
445 -8.5 3.5 1 0.000641444115866
446 -9.0 3.5 1 0.000647399080314
447 -9.5 3.5 1 0.000731081761759
448 -10.0 3.5 1 0.000860310326457
449 -10.5 3.5 1 0.00103353047871
450 -11.0 3.5 1 0.0011065218945
451 -11.5 3.5 1 0.00123850789086
452 -12.0 3.5 1 0.00130780890956
453 -12.5 3.5 1 0.00132647803602
454 -13.0 3.5 1 0.00135660715094
455 -13.5 3.5 1 0.00143866152445
456 -14.0 3.5 1 0.00143242573922
457 0.0 4.0 1 0.000549667429221
458 0.5 4.0 1 0.000595645505055
459 1.0 4.0 1 0.000599144039486
460 1.5 4.0 1 0.000629243035054
461 2.0 4.0 1 0.000643745363129
462 2.5 4.0 1 0.000679553097726
463 3.0 4.0 1 0.000696108957242
464 3.5 4.0 1 0.000717014162106
465 4.0 4.0 1 0.000751042235753
466 4.5 4.0 1 0.000807205514505
467 5.0 4.0 1 0.000820461672083
468 5.5 4.0 1 0.000875661491065
469 6.0 4.0 1 0.000901609412755
470 6.5 4.0 1 0.000986724797815
471 7.0 4.0 1 0.00101396717775
472 7.5 4.0 1 0.00104680263915
473 8.0 4.0 1 0.0011293895421
474 8.5 4.0 1 0.00123242063431
475 9.0 4.0 1 0.00131672817192
476 9.5 4.0 1 0.00141739315061
477 10.0 4.0 1 0.00149220459555
478 10.5 4.0 1 0.0015812789802
479 11.0 4.0 1 0.00161907719888
480 11.5 4.0 1 0.001626600588
481 12.0 4.0 1 0.00161337146619
482 12.5 4.0 1 0.0014943539442
483 13.0 4.0 1 0.00129246692857
484 13.5 4.0 1 0.00103628221359
485 -0.5 4.0 1 0.000531740354381
486 -1.0 4.0 1 0.000515084226398
487 -1.5 4.0 1 0.000491295075077
488 -2.0 4.0 1 0.000485941141572
489 -2.5 4.0 1 0.000467674968103
490 -3.0 4.0 1 0.000458557713121
491 -3.5 4.0 1 0.000430859051722
492 -4.0 4.0 1 0.000433802508265
493 -4.5 4.0 1 0.000444452837658
494 -5.0 4.0 1 0.000418694793907
495 -5.5 4.0 1 0.000409396218006
496 -6.0 4.0 1 0.000412936953285
497 -6.5 4.0 1 0.000465085238066
498 -7.0 4.0 1 0.000534582359348
499 -7.5 4.0 1 0.000628222807457
500 -8.0 4.0 1 0.000675325142827
501 -8.5 4.0 1 0.000662040288686
502 -9.0 4.0 1 0.000699511599977
503 -9.5 4.0 1 0.000819193044009
504 -10.0 4.0 1 0.000967616421405
505 -10.5 4.0 1 0.0010561395039
506 -11.0 4.0 1 0.00109210184366
507 -11.5 4.0 1 0.00122464926386
508 -12.0 4.0 1 0.00129288807972
509 -12.5 4.0 1 0.00134681830142
510 -13.0 4.0 1 0.00135496188484
511 -13.5 4.0 1 0.00140704168862
512 0.0 4.5 1 0.000543427955458
513 0.5 4.5 1 0.000561871027563
514 1.0 4.5 1 0.000589442389801
515 1.5 4.5 1 0.000595369823929
516 2.0 4.5 1 0.000622703492888
517 2.5 4.5 1 0.000654788443547
518 3.0 4.5 1 0.00067001772464
519 3.5 4.5 1 0.00071057523205
520 4.0 4.5 1 0.000722609109972
521 4.5 4.5 1 0.000766264714575
522 5.0 4.5 1 0.000787835165833
523 5.5 4.5 1 0.000837536679312
524 6.0 4.5 1 0.000877600798685
525 6.5 4.5 1 0.00090479198307
526 7.0 4.5 1 0.000952036717916
527 7.5 4.5 1 0.000985000279765
528 8.0 4.5 1 0.00104810939881
529 8.5 4.5 1 0.00116852184209
530 9.0 4.5 1 0.00123629929054
531 9.5 4.5 1 0.00135555606365
532 10.0 4.5 1 0.00137774459077
533 10.5 4.5 1 0.00143691052932
534 11.0 4.5 1 0.00147475444069
535 11.5 4.5 1 0.00146710285869
536 12.0 4.5 1 0.00138063252122
537 12.5 4.5 1 0.00128135744085
538 13.0 4.5 1 0.00116252549251
539 13.5 4.5 1 0.000955451512648
540 -0.5 4.5 1 0.00051527155645
541 -1.0 4.5 1 0.000483452167534
542 -1.5 4.5 1 0.00050033311331
543 -2.0 4.5 1 0.000485766891006
544 -2.5 4.5 1 0.000461896316697
545 -3.0 4.5 1 0.000462410466312
546 -3.5 4.5 1 0.00043860146296
547 -4.0 4.5 1 0.000411474719239
548 -4.5 4.5 1 0.000410407223579
549 -5.0 4.5 1 0.000395902283667
550 -5.5 4.5 1 0.00040403079818
551 -6.0 4.5 1 0.000414594981143
552 -6.5 4.5 1 0.000453600657591
553 -7.0 4.5 1 0.000536547810831
554 -7.5 4.5 1 0.000658270520938
555 -8.0 4.5 1 0.000716157847584
556 -8.5 4.5 1 0.0007436627355
557 -9.0 4.5 1 0.000807633301871
558 -9.5 4.5 1 0.000924328148628
559 -10.0 4.5 1 0.000996778586618
560 -10.5 4.5 1 0.00104094520313
561 -11.0 4.5 1 0.00109989523249
562 -11.5 4.5 1 0.00127524837111
563 -12.0 4.5 1 0.00129009273176
564 -12.5 4.5 1 0.00131753548995
565 -13.0 4.5 1 0.00137220812135
566 -13.5 4.5 1 0.00141606570603
567 0.0 5.0 1 0.000523199344492
568 0.5 5.0 1 0.000543050122136
569 1.0 5.0 1 0.000573453924969
570 1.5 5.0 1 0.000574248098095
571 2.0 5.0 1 0.000595671599896
572 2.5 5.0 1 0.00062940744054
573 3.0 5.0 1 0.000660212988827
574 3.5 5.0 1 0.000689851422542
575 4.0 5.0 1 0.000712959296676
576 4.5 5.0 1 0.000741967871775
577 5.0 5.0 1 0.000743271667002
578 5.5 5.0 1 0.000792619153579
579 6.0 5.0 1 0.000833504815929
580 6.5 5.0 1 0.000872768817041
581 7.0 5.0 1 0.000891200347767
582 7.5 5.0 1 0.000924910165512
583 8.0 5.0 1 0.00100425743313
584 8.5 5.0 1 0.00114256490432
585 9.0 5.0 1 0.0011851640463
586 9.5 5.0 1 0.00124095611717
587 10.0 5.0 1 0.00126988470443
588 10.5 5.0 1 0.00131024454189
589 11.0 5.0 1 0.00133971171033
590 11.5 5.0 1 0.00130611023298
591 12.0 5.0 1 0.00126497579119
592 12.5 5.0 1 0.00117023408883
593 13.0 5.0 1 0.00101193791876
594 13.5 5.0 1 0.00150136034376
595 -0.5 5.0 1 0.000509336301378
596 -1.0 5.0 1 0.000499447882348
597 -1.5 5.0 1 0.000486480635503
598 -2.0 5.0 1 0.000473902880544
599 -2.5 5.0 1 0.000458816976062
600 -3.0 5.0 1 0.00043688583369
601 -3.5 5.0 1 0.000405813958108
602 -4.0 5.0 1 0.000416506038078
603 -4.5 5.0 1 0.000413830528354
604 -5.0 5.0 1 0.000399324539486
605 -5.5 5.0 1 0.000411465888134
606 -6.0 5.0 1 0.000420743030481
607 -6.5 5.0 1 0.000454469184527
608 -7.0 5.0 1 0.000600198798135
609 -7.5 5.0 1 0.000687254616256
610 -8.0 5.0 1 0.00080032880502
611 -8.5 5.0 1 0.00084404205613
612 -9.0 5.0 1 0.000916896491614
613 -9.5 5.0 1 0.0010291625709
614 -10.0 5.0 1 0.00104065484752
615 -10.5 5.0 1 0.00100571814604
616 -11.0 5.0 1 0.00112331325121
617 -11.5 5.0 1 0.00129947300795
618 -12.0 5.0 1 0.00129041302039
619 -12.5 5.0 1 0.00134854504083
620 -13.0 5.0 1 0.00140534866356
621 -13.5 5.0 1 0.00140859621076
622 0.0 5.5 1 0.000516369281657
623 0.5 5.5 1 0.000507119149057
624 1.0 5.5 1 0.000534671794839
625 1.5 5.5 1 0.00054161056402
626 2.0 5.5 1 0.000593549091492
627 2.5 5.5 1 0.000612081450033
628 3.0 5.5 1 0.000639827968238
629 3.5 5.5 1 0.000658806139465
630 4.0 5.5 1 0.000678390208625
631 4.5 5.5 1 0.00070585489672
632 5.0 5.5 1 0.000736042424634
633 5.5 5.5 1 0.00076864995832
634 6.0 5.5 1 0.000773838418887
635 6.5 5.5 1 0.00078970385322
636 7.0 5.5 1 0.000830591402921
637 7.5 5.5 1 0.000905943558547
638 8.0 5.5 1 0.00101547884998
639 8.5 5.5 1 0.00107379780904
640 9.0 5.5 1 0.00113638934044
641 9.5 5.5 1 0.00117840328146
642 10.0 5.5 1 0.00121160536141
643 10.5 5.5 1 0.0012142317824
644 11.0 5.5 1 0.00121876567901
645 11.5 5.5 1 0.0011804020404
646 12.0 5.5 1 0.00112683314544
647 12.5 5.5 1 0.00103847398107
648 13.0 5.5 1 0.000918062826158
649 -0.5 5.5 1 0.000502064995534
650 -1.0 5.5 1 0.000480380046799
651 -1.5 5.5 1 0.000476376975846
652 -2.0 5.5 1 0.000470602713722
653 -2.5 5.5 1 0.000454085963917
654 -3.0 5.5 1 0.000431873583521
655 -3.5 5.5 1 0.000438879162264
656 -4.0 5.5 1 0.000413211963348
657 -4.5 5.5 1 0.000395705662302
658 -5.0 5.5 1 0.000404655311805
659 -5.5 5.5 1 0.000411477314617
660 -6.0 5.5 1 0.00041124244
661 -6.5 5.5 1 0.000502828057166
662 -7.0 5.5 1 0.000641828395148
663 -7.5 5.5 1 0.000804563827572
664 -8.0 5.5 1 0.000906696579661
665 -8.5 5.5 1 0.000957494363113
666 -9.0 5.5 1 0.00102696806884
667 -9.5 5.5 1 0.00107368400684
668 -10.0 5.5 1 0.000985850342641
669 -10.5 5.5 1 0.000983445304163
670 -11.0 5.5 1 0.00116862282219
671 -11.5 5.5 1 0.0013066222339
672 -12.0 5.5 1 0.00127788003309
673 -12.5 5.5 1 0.0013913606811
674 -13.0 5.5 1 0.00140583872711
675 0.0 6.0 1 0.000483850156948
676 0.5 6.0 1 0.000531982293241
677 1.0 6.0 1 0.000543898276563
678 1.5 6.0 1 0.000548910822425
679 2.0 6.0 1 0.000562382633018
680 2.5 6.0 1 0.000588066753439
681 3.0 6.0 1 0.000614803316614
682 3.5 6.0 1 0.000638047037026
683 4.0 6.0 1 0.000667650401073
684 4.5 6.0 1 0.00069116343045
685 5.0 6.0 1 0.000700180184831
686 5.5 6.0 1 0.000707809847588
687 6.0 6.0 1 0.000730271762783
688 6.5 6.0 1 0.000773538490381
689 7.0 6.0 1 0.000818080057803
690 7.5 6.0 1 0.000887219948999
691 8.0 6.0 1 0.000970438593369
692 8.5 6.0 1 0.00106129410053
693 9.0 6.0 1 0.00107233839102
694 9.5 6.0 1 0.00110180927294
695 10.0 6.0 1 0.00111293952386
696 10.5 6.0 1 0.0011717077648
697 11.0 6.0 1 0.00113348043408
698 11.5 6.0 1 0.00109853782178
699 12.0 6.0 1 0.00104992442369
700 12.5 6.0 1 0.000943558946647
701 13.0 6.0 1 0.00137604929134
702 -0.5 6.0 1 0.000483734674868
703 -1.0 6.0 1 0.000498787689953
704 -1.5 6.0 1 0.000463712861854
705 -2.0 6.0 1 0.000442368752138
706 -2.5 6.0 1 0.00043656480886
707 -3.0 6.0 1 0.000419062998783
708 -3.5 6.0 1 0.000419711714004
709 -4.0 6.0 1 0.000403537357353
710 -4.5 6.0 1 0.000394226952176
711 -5.0 6.0 1 0.000394670321754
712 -5.5 6.0 1 0.00039600583839
713 -6.0 6.0 1 0.000441334197297
714 -6.5 6.0 1 0.00055925911945
715 -7.0 6.0 1 0.00075605356939
716 -7.5 6.0 1 0.000974225008835
717 -8.0 6.0 1 0.00104253461879
718 -8.5 6.0 1 0.00105055858617
719 -9.0 6.0 1 0.00107062024563
720 -9.5 6.0 1 0.00100323892101
721 -10.0 6.0 1 0.00092039602385
722 -10.5 6.0 1 0.00104608074473
723 -11.0 6.0 1 0.00127302633539
724 -11.5 6.0 1 0.00129443210889
725 -12.0 6.0 1 0.00130016549012
726 -12.5 6.0 1 0.00143637834673
727 -13.0 6.0 1 0.00138075342384
728 0.0 6.5 1 0.000496232018865
729 0.5 6.5 1 0.000515063734275
730 1.0 6.5 1 0.000529231016561
731 1.5 6.5 1 0.000548680100555
732 2.0 6.5 1 0.000548062379262
733 2.5 6.5 1 0.00057672789286
734 3.0 6.5 1 0.000577741350282
735 3.5 6.5 1 0.000619040082181
736 4.0 6.5 1 0.000616081511118
737 4.5 6.5 1 0.000643146271172
738 5.0 6.5 1 0.000655037106152
739 5.5 6.5 1 0.000683225037424
740 6.0 6.5 1 0.000704164843947
741 6.5 6.5 1 0.000735768112557
742 7.0 6.5 1 0.000807652143916
743 7.5 6.5 1 0.000902061219437
744 8.0 6.5 1 0.000989566392652
745 8.5 6.5 1 0.00101325486176
746 9.0 6.5 1 0.00103064246278
747 9.5 6.5 1 0.00104441353902
748 10.0 6.5 1 0.00108167774642
749 10.5 6.5 1 0.00105792693019
750 11.0 6.5 1 0.00105552065145
751 11.5 6.5 1 0.000999375153613
752 12.0 6.5 1 0.000950120404931
753 12.5 6.5 1 0.000935897752129
754 -0.5 6.5 1 0.000459034619552
755 -1.0 6.5 1 0.000461493595136
756 -1.5 6.5 1 0.00045115698989
757 -2.0 6.5 1 0.000437589304148
758 -2.5 6.5 1 0.00042180847816
759 -3.0 6.5 1 0.000422993003836
760 -3.5 6.5 1 0.000425887157894
761 -4.0 6.5 1 0.000406350023111
762 -4.5 6.5 1 0.000400287859652
763 -5.0 6.5 1 0.000398042343765
764 -5.5 6.5 1 0.0003995703678
765 -6.0 6.5 1 0.000473794552169
766 -6.5 6.5 1 0.000693350177947
767 -7.0 6.5 1 0.000975101461928
768 -7.5 6.5 1 0.00116641564788
769 -8.0 6.5 1 0.00114822075457
770 -8.5 6.5 1 0.00107095794011
771 -9.0 6.5 1 0.000989143393763
772 -9.5 6.5 1 0.000937098461678
773 -10.0 6.5 1 0.000938845452283
774 -10.5 6.5 1 0.00114396713223
775 -11.0 6.5 1 0.001290936277
776 -11.5 6.5 1 0.00124978549373
777 -12.0 6.5 1 0.00133035545454
778 -12.5 6.5 1 0.00135461914153
779 0.0 7.0 1 0.000465754828987
780 0.5 7.0 1 0.000505348946636
781 1.0 7.0 1 0.000497915371908
782 1.5 7.0 1 0.000526841078222
783 2.0 7.0 1 0.000527931083825
784 2.5 7.0 1 0.000554126721907
785 3.0 7.0 1 0.000574187469046
786 3.5 7.0 1 0.000611653216104
787 4.0 7.0 1 0.000605198972463
788 4.5 7.0 1 0.000616845929318
789 5.0 7.0 1 0.00065452270429
790 5.5 7.0 1 0.000649914781624
791 6.0 7.0 1 0.000677617489866
792 6.5 7.0 1 0.00075577915178
793 7.0 7.0 1 0.000848774940958
794 7.5 7.0 1 0.000928953677123
795 8.0 7.0 1 0.000960352168955
796 8.5 7.0 1 0.000954879587539
797 9.0 7.0 1 0.000978241736712
798 9.5 7.0 1 0.000979177950444
799 10.0 7.0 1 0.0010308624546
800 10.5 7.0 1 0.00099319453216
801 11.0 7.0 1 0.00100615872592
802 11.5 7.0 1 0.00091134345346
803 12.0 7.0 1 0.000894225051278
804 12.5 7.0 1 0.00155526401717
805 -0.5 7.0 1 0.00047505902904
806 -1.0 7.0 1 0.000455472570015
807 -1.5 7.0 1 0.000447968491466
808 -2.0 7.0 1 0.00043384544484
809 -2.5 7.0 1 0.000428954175899
810 -3.0 7.0 1 0.00042803865192
811 -3.5 7.0 1 0.000394940989584
812 -4.0 7.0 1 0.000405739583612
813 -4.5 7.0 1 0.000406154845203
814 -5.0 7.0 1 0.000413760286941
815 -5.5 7.0 1 0.00046142791765
816 -6.0 7.0 1 0.000590175975284
817 -6.5 7.0 1 0.00093888515174
818 -7.0 7.0 1 0.00122896407702
819 -7.5 7.0 1 0.00124961497581
820 -8.0 7.0 1 0.00114535957388
821 -8.5 7.0 1 0.00102099489416
822 -9.0 7.0 1 0.000926313582732
823 -9.5 7.0 1 0.000896957799522
824 -10.0 7.0 1 0.00103008018194
825 -10.5 7.0 1 0.00128610594425
826 -11.0 7.0 1 0.00128035245426
827 -11.5 7.0 1 0.00130952379198
828 -12.0 7.0 1 0.00133544680343
829 -12.5 7.0 1 0.00136845963747
830 0.0 7.5 1 0.000493334508584
831 0.5 7.5 1 0.000512462438092
832 1.0 7.5 1 0.000502044121332
833 1.5 7.5 1 0.000513300083084
834 2.0 7.5 1 0.000517900723403
835 2.5 7.5 1 0.000543715953491
836 3.0 7.5 1 0.000549358217473
837 3.5 7.5 1 0.000570834539777
838 4.0 7.5 1 0.00056397170093
839 4.5 7.5 1 0.000603075363907
840 5.0 7.5 1 0.000632361378276
841 5.5 7.5 1 0.000643157729919
842 6.0 7.5 1 0.000725601847356
843 6.5 7.5 1 0.000793559128374
844 7.0 7.5 1 0.000850836970866
845 7.5 7.5 1 0.000904268585294
846 8.0 7.5 1 0.000930604572382
847 8.5 7.5 1 0.00092043161574
848 9.0 7.5 1 0.000948972670413
849 9.5 7.5 1 0.000982540626179
850 10.0 7.5 1 0.00099463725109
851 10.5 7.5 1 0.000960363841678
852 11.0 7.5 1 0.000954498653194
853 11.5 7.5 1 0.000891654682703
854 12.0 7.5 1 0.00125120340066
855 -0.5 7.5 1 0.000476917040076
856 -1.0 7.5 1 0.000452691623725
857 -1.5 7.5 1 0.00045149794728
858 -2.0 7.5 1 0.000434487147742
859 -2.5 7.5 1 0.000435203635285
860 -3.0 7.5 1 0.000416192718187
861 -3.5 7.5 1 0.00041441816446
862 -4.0 7.5 1 0.000421558877396
863 -4.5 7.5 1 0.00042874959963
864 -5.0 7.5 1 0.000459125911891
865 -5.5 7.5 1 0.000561835112062
866 -6.0 7.5 1 0.000858029985994
867 -6.5 7.5 1 0.00121235785377
868 -7.0 7.5 1 0.00134411289641
869 -7.5 7.5 1 0.00118896412057
870 -8.0 7.5 1 0.00101422360321
871 -8.5 7.5 1 0.000920255939355
872 -9.0 7.5 1 0.000900959795456
873 -9.5 7.5 1 0.00098735314285
874 -10.0 7.5 1 0.00116910668014
875 -10.5 7.5 1 0.00129067834552
876 -11.0 7.5 1 0.00128270782541
877 -11.5 7.5 1 0.00131548152161
878 -12.0 7.5 1 0.00136712398268
879 0.0 8.0 1 0.000487810267438
880 0.5 8.0 1 0.000489425800198
881 1.0 8.0 1 0.000497472712523
882 1.5 8.0 1 0.000514385608873
883 2.0 8.0 1 0.00050570993876
884 2.5 8.0 1 0.000519664210106
885 3.0 8.0 1 0.000533957426067
886 3.5 8.0 1 0.000555428292143
887 4.0 8.0 1 0.000579532814411
888 4.5 8.0 1 0.000603114193791
889 5.0 8.0 1 0.000623473455289
890 5.5 8.0 1 0.000680785438102
891 6.0 8.0 1 0.00078149245264
892 6.5 8.0 1 0.000838247575198
893 7.0 8.0 1 0.00088150735717
894 7.5 8.0 1 0.000878770807219
895 8.0 8.0 1 0.000866904957872
896 8.5 8.0 1 0.000887722852644
897 9.0 8.0 1 0.000942576582984
898 9.5 8.0 1 0.000923119356435
899 10.0 8.0 1 0.000939282708935
900 10.5 8.0 1 0.000884351783688
901 11.0 8.0 1 0.000896910447923
902 11.5 8.0 1 0.0010664863553
903 12.0 8.0 1 0.00168914335563
904 -0.5 8.0 1 0.000465335385088
905 -1.0 8.0 1 0.00044440049092
906 -1.5 8.0 1 0.000456473333394
907 -2.0 8.0 1 0.000459410932669
908 -2.5 8.0 1 0.000427922379291
909 -3.0 8.0 1 0.000437044367161
910 -3.5 8.0 1 0.000440796407178
911 -4.0 8.0 1 0.000455219968065
912 -4.5 8.0 1 0.00050461929712
913 -5.0 8.0 1 0.000584010413219
914 -5.5 8.0 1 0.000801283961901
915 -6.0 8.0 1 0.00118893228188
916 -6.5 8.0 1 0.0013853128558
917 -7.0 8.0 1 0.00122183051635
918 -7.5 8.0 1 0.00105504387264
919 -8.0 8.0 1 0.000936168211646
920 -8.5 8.0 1 0.000894792587181
921 -9.0 8.0 1 0.000948414373536
922 -9.5 8.0 1 0.00110191055995
923 -10.0 8.0 1 0.00128076904538
924 -10.5 8.0 1 0.00130163670639
925 -11.0 8.0 1 0.00131214786409
926 -11.5 8.0 1 0.00138349301197
927 -12.0 8.0 1 0.00137834796855
928 0.0 8.5 1 0.000475992798324
929 0.5 8.5 1 0.000474505806357
930 1.0 8.5 1 0.000483146447408
931 1.5 8.5 1 0.000483812277915
932 2.0 8.5 1 0.000502744563762
933 2.5 8.5 1 0.000514729760966
934 3.0 8.5 1 0.000530485323219
935 3.5 8.5 1 0.000539351803652
936 4.0 8.5 1 0.000580330635836
937 4.5 8.5 1 0.000606501725935
938 5.0 8.5 1 0.000654019697653
939 5.5 8.5 1 0.000728736941674
940 6.0 8.5 1 0.000805732199177
941 6.5 8.5 1 0.000836898824051
942 7.0 8.5 1 0.00085813396512
943 7.5 8.5 1 0.000841116782325
944 8.0 8.5 1 0.000877452779479
945 8.5 8.5 1 0.00090387340077
946 9.0 8.5 1 0.00088280868297
947 9.5 8.5 1 0.000893693470366
948 10.0 8.5 1 0.000941082258908
949 10.5 8.5 1 0.000896312560447
950 11.0 8.5 1 0.00100264360757
951 11.5 8.5 1 0.00155868956806
952 -0.5 8.5 1 0.000465320594585
953 -1.0 8.5 1 0.000478645625915
954 -1.5 8.5 1 0.000473989146771
955 -2.0 8.5 1 0.000459786367899
956 -2.5 8.5 1 0.000466771045436
957 -3.0 8.5 1 0.000483945627115
958 -3.5 8.5 1 0.000503892970289
959 -4.0 8.5 1 0.000540122491387
960 -4.5 8.5 1 0.000580331329302
961 -5.0 8.5 1 0.000766442839355
962 -5.5 8.5 1 0.00112934554841
963 -6.0 8.5 1 0.00140176690499
964 -6.5 8.5 1 0.00134305559124
965 -7.0 8.5 1 0.00108018218298
966 -7.5 8.5 1 0.00101768249698
967 -8.0 8.5 1 0.000956578251175
968 -8.5 8.5 1 0.000957291770577
969 -9.0 8.5 1 0.00102892919968
970 -9.5 8.5 1 0.00120718458519
971 -10.0 8.5 1 0.00129377213728
972 -10.5 8.5 1 0.00128259816891
973 -11.0 8.5 1 0.00136331330136
974 -11.5 8.5 1 0.00137660529766
975 0.0 9.0 1 0.000473247100208
976 0.5 9.0 1 0.000497065096087
977 1.0 9.0 1 0.000484929473885
978 1.5 9.0 1 0.000508093427813
979 2.0 9.0 1 0.000528795519734
980 2.5 9.0 1 0.000525565033818
981 3.0 9.0 1 0.000536735526393
982 3.5 9.0 1 0.000548190959172
983 4.0 9.0 1 0.000610912562952
984 4.5 9.0 1 0.000681583885477
985 5.0 9.0 1 0.000718040877595
986 5.5 9.0 1 0.000793349878946
987 6.0 9.0 1 0.000816058481613
988 6.5 9.0 1 0.000803788170906
989 7.0 9.0 1 0.00082347724434
990 7.5 9.0 1 0.000831982300918
991 8.0 9.0 1 0.000888197902641
992 8.5 9.0 1 0.000869580057358
993 9.0 9.0 1 0.000863234990665
994 9.5 9.0 1 0.000868570647077
995 10.0 9.0 1 0.00088907308522
996 10.5 9.0 1 0.000995165837949
997 11.0 9.0 1 0.00161697203895
998 -0.5 9.0 1 0.000474186743141
999 -1.0 9.0 1 0.000468710500393
1000 -1.5 9.0 1 0.000495206863434
1001 -2.0 9.0 1 0.000481455325961
1002 -2.5 9.0 1 0.000484229343015
1003 -3.0 9.0 1 0.000509059840453
1004 -3.5 9.0 1 0.000554514912961
1005 -4.0 9.0 1 0.000613096396265
1006 -4.5 9.0 1 0.000721730327681
1007 -5.0 9.0 1 0.00106950169529
1008 -5.5 9.0 1 0.0013522841943
1009 -6.0 9.0 1 0.00139579679101
1010 -6.5 9.0 1 0.00115675577258
1011 -7.0 9.0 1 0.00101701552125
1012 -7.5 9.0 1 0.000961652982153
1013 -8.0 9.0 1 0.000977734103745
1014 -8.5 9.0 1 0.00104501314089
1015 -9.0 9.0 1 0.00121793976051
1016 -9.5 9.0 1 0.00130049891831
1017 -10.0 9.0 1 0.00130125144859
1018 -10.5 9.0 1 0.00133873512932
1019 -11.0 9.0 1 0.00137490115963
1020 0.0 9.5 1 0.000486830562569
1021 0.5 9.5 1 0.000492400947801
1022 1.0 9.5 1 0.00048516355061
1023 1.5 9.5 1 0.000521207332138
1024 2.0 9.5 1 0.000516540115652
1025 2.5 9.5 1 0.000540510269324
1026 3.0 9.5 1 0.00056065775301
1027 3.5 9.5 1 0.000622142619319
1028 4.0 9.5 1 0.000679964169844
1029 4.5 9.5 1 0.000734233720177
1030 5.0 9.5 1 0.000771066901477
1031 5.5 9.5 1 0.000815733005907
1032 6.0 9.5 1 0.00081882433688
1033 6.5 9.5 1 0.000819502681503
1034 7.0 9.5 1 0.000838796531407
1035 7.5 9.5 1 0.000843472200933
1036 8.0 9.5 1 0.000840191744418
1037 8.5 9.5 1 0.000878288144863
1038 9.0 9.5 1 0.000852757111941
1039 9.5 9.5 1 0.000857578398601
1040 10.0 9.5 1 0.00108011023571
1041 10.5 9.5 1 0.00157071505538
1042 -0.5 9.5 1 0.000486895047807
1043 -1.0 9.5 1 0.000482764837223
1044 -1.5 9.5 1 0.000494388641391
1045 -2.0 9.5 1 0.000528112411634
1046 -2.5 9.5 1 0.00053955994319
1047 -3.0 9.5 1 0.000551115514387
1048 -3.5 9.5 1 0.000599470017792
1049 -4.0 9.5 1 0.000689679485442
1050 -4.5 9.5 1 0.00103907966715
1051 -5.0 9.5 1 0.00139733460644
1052 -5.5 9.5 1 0.00145620734487
1053 -6.0 9.5 1 0.0012162143815
1054 -6.5 9.5 1 0.00107533160853
1055 -7.0 9.5 1 0.00103266009167
1056 -7.5 9.5 1 0.00101622146812
1057 -8.0 9.5 1 0.00105621703414
1058 -8.5 9.5 1 0.00117940224419
1059 -9.0 9.5 1 0.00129668922541
1060 -9.5 9.5 1 0.0013135895562
1061 -10.0 9.5 1 0.00131634672321
1062 -10.5 9.5 1 0.00136423886182
1063 0.0 10.0 1 0.000515823400401
1064 0.5 10.0 1 0.00050429628384
1065 1.0 10.0 1 0.000538386306895
1066 1.5 10.0 1 0.000539275418808
1067 2.0 10.0 1 0.000576003170677
1068 2.5 10.0 1 0.000607757014221
1069 3.0 10.0 1 0.000636315457017
1070 3.5 10.0 1 0.000712107376317
1071 4.0 10.0 1 0.000710765494992
1072 4.5 10.0 1 0.000794862299121
1073 5.0 10.0 1 0.000772289548425
1074 5.5 10.0 1 0.000818323312641
1075 6.0 10.0 1 0.00079555254225
1076 6.5 10.0 1 0.000802766964984
1077 7.0 10.0 1 0.000826030053563
1078 7.5 10.0 1 0.000850832353488
1079 8.0 10.0 1 0.000842886400164
1080 8.5 10.0 1 0.000846630304613
1081 9.0 10.0 1 0.000884566565009
1082 9.5 10.0 1 0.0012453213008
1083 10.0 10.0 1 0.00158296006805
1084 -0.5 10.0 1 0.000529225701822
1085 -1.0 10.0 1 0.000525874708116
1086 -1.5 10.0 1 0.000541702399915
1087 -2.0 10.0 1 0.000542995207326
1088 -2.5 10.0 1 0.000572727686736
1089 -3.0 10.0 1 0.000625501902774
1090 -3.5 10.0 1 0.000733225689605
1091 -4.0 10.0 1 0.00108315690235
1092 -4.5 10.0 1 0.0014550805549
1093 -5.0 10.0 1 0.00154197441847
1094 -5.5 10.0 1 0.00128768535647
1095 -6.0 10.0 1 0.00115232806052
1096 -6.5 10.0 1 0.00106214618841
1097 -7.0 10.0 1 0.00104362784782
1098 -7.5 10.0 1 0.00105333076127
1099 -8.0 10.0 1 0.00118296478344
1100 -8.5 10.0 1 0.0012852040436
1101 -9.0 10.0 1 0.00130669118862
1102 -9.5 10.0 1 0.00129791674744
1103 -10.0 10.0 1 0.00133267300102
1104 0.0 10.5 1 0.00057544901242
1105 0.5 10.5 1 0.000583023246239
1106 1.0 10.5 1 0.000608484414722
1107 1.5 10.5 1 0.000628390402676
1108 2.0 10.5 1 0.00064496514772
1109 2.5 10.5 1 0.000691516391425
1110 3.0 10.5 1 0.000730400458164
1111 3.5 10.5 1 0.000767470208438
1112 4.0 10.5 1 0.000769436743204
1113 4.5 10.5 1 0.000800081622267
1114 5.0 10.5 1 0.00079741097892
1115 5.5 10.5 1 0.000802570646616
1116 6.0 10.5 1 0.000814561669508
1117 6.5 10.5 1 0.000796796812713
1118 7.0 10.5 1 0.000818483662387
1119 7.5 10.5 1 0.000805803193585
1120 8.0 10.5 1 0.000848707052464
1121 8.5 10.5 1 0.0009916378449
1122 9.0 10.5 1 0.0014495523141
1123 9.5 10.5 1 0.00152274315109
1124 -0.5 10.5 1 0.000568301317372
1125 -1.0 10.5 1 0.000587586528365
1126 -1.5 10.5 1 0.000591630678548
1127 -2.0 10.5 1 0.000620783331451
1128 -2.5 10.5 1 0.000662781310161
1129 -3.0 10.5 1 0.000850616435434
1130 -3.5 10.5 1 0.0012265128188
1131 -4.0 10.5 1 0.00152478663441
1132 -4.5 10.5 1 0.00158768642468
1133 -5.0 10.5 1 0.00136604790251
1134 -5.5 10.5 1 0.00117827254952
1135 -6.0 10.5 1 0.00111006613689
1136 -6.5 10.5 1 0.00108101644966
1137 -7.0 10.5 1 0.00106889757381
1138 -7.5 10.5 1 0.00122279520841
1139 -8.0 10.5 1 0.00128228028783
1140 -8.5 10.5 1 0.00132999803106
1141 -9.0 10.5 1 0.00130818253905
1142 -9.5 10.5 1 0.00136974623344
1143 0.0 11.0 1 0.000684025843748
1144 0.5 11.0 1 0.000697062588614
1145 1.0 11.0 1 0.000723041356679
1146 1.5 11.0 1 0.000710254936923
1147 2.0 11.0 1 0.000737038792624
1148 2.5 11.0 1 0.00076676275199
1149 3.0 11.0 1 0.000783990292665
1150 3.5 11.0 1 0.000747390209934
1151 4.0 11.0 1 0.000784879698315
1152 4.5 11.0 1 0.000806789358297
1153 5.0 11.0 1 0.000830310319517
1154 5.5 11.0 1 0.000819787328474
1155 6.0 11.0 1 0.000829753183683
1156 6.5 11.0 1 0.000846748974131
1157 7.0 11.0 1 0.000827014735627
1158 7.5 11.0 1 0.000965463916759
1159 8.0 11.0 1 0.00131765959151
1160 8.5 11.0 1 0.00161335193357
1161 9.0 11.0 1 0.00147710344216
1162 -0.5 11.0 1 0.00070630896171
1163 -1.0 11.0 1 0.000698422019382
1164 -1.5 11.0 1 0.000727905874084
1165 -2.0 11.0 1 0.00082992802207
1166 -2.5 11.0 1 0.00114235214843
1167 -3.0 11.0 1 0.00146876830874
1168 -3.5 11.0 1 0.00168396326892
1169 -4.0 11.0 1 0.00164895490602
1170 -4.5 11.0 1 0.00142167846353
1171 -5.0 11.0 1 0.00120105800245
1172 -5.5 11.0 1 0.00114382828423
1173 -6.0 11.0 1 0.00107745418364
1174 -6.5 11.0 1 0.00112816570353
1175 -7.0 11.0 1 0.0012178192076
1176 -7.5 11.0 1 0.00130944357766
1177 -8.0 11.0 1 0.00130557525143
1178 -8.5 11.0 1 0.00133740836482
1179 -9.0 11.0 1 0.00136493952096
1180 0.0 11.5 1 0.000802169375551
1181 0.5 11.5 1 0.000787034909783
1182 1.0 11.5 1 0.00078977392908
1183 1.5 11.5 1 0.000772608673214
1184 2.0 11.5 1 0.000797028815997
1185 2.5 11.5 1 0.000798184010687
1186 3.0 11.5 1 0.000768622953419
1187 3.5 11.5 1 0.000817045531818
1188 4.0 11.5 1 0.000805088698972
1189 4.5 11.5 1 0.000820158624298
1190 5.0 11.5 1 0.000828348145074
1191 5.5 11.5 1 0.000848695059296
1192 6.0 11.5 1 0.000865597249105
1193 6.5 11.5 1 0.00104629060361
1194 7.0 11.5 1 0.00134548798881
1195 7.5 11.5 1 0.00160769257971
1196 8.0 11.5 1 0.00146431408882
1197 8.5 11.5 1 0.00160248955758
1198 -0.5 11.5 1 0.000853731851276
1199 -1.0 11.5 1 0.000974046138326
1200 -1.5 11.5 1 0.00121416762442
1201 -2.0 11.5 1 0.00146904895924
1202 -2.5 11.5 1 0.00167292126253
1203 -3.0 11.5 1 0.0017348062951
1204 -3.5 11.5 1 0.00156296513572
1205 -4.0 11.5 1 0.00138427392025
1206 -4.5 11.5 1 0.00122780763053
1207 -5.0 11.5 1 0.0011287896113
1208 -5.5 11.5 1 0.00108696768689
1209 -6.0 11.5 1 0.00116753344226
1210 -6.5 11.5 1 0.00126383623969
1211 -7.0 11.5 1 0.00134404874368
1212 -7.5 11.5 1 0.00132788762724
1213 -8.0 11.5 1 0.00132119348487
1214 -8.5 11.5 1 0.00139960309533
1215 0.0 12.0 1 0.00120589586214
1216 0.5 12.0 1 0.00106943923784
1217 1.0 12.0 1 0.000970529421723
1218 1.5 12.0 1 0.000880355456789
1219 2.0 12.0 1 0.000873295459242
1220 2.5 12.0 1 0.000874097775477
1221 3.0 12.0 1 0.000863654342488
1222 3.5 12.0 1 0.000898142261649
1223 4.0 12.0 1 0.000934194284544
1224 4.5 12.0 1 0.00102620700975
1225 5.0 12.0 1 0.00114626107967
1226 5.5 12.0 1 0.00136254479483
1227 6.0 12.0 1 0.00157292222057
1228 6.5 12.0 1 0.00164105726263
1229 7.0 12.0 1 0.00146969015853
1230 7.5 12.0 1 0.00155372769888
1231 8.0 12.0 1 0.00169089666399
1232 -0.5 12.0 1 0.00142220292296
1233 -1.0 12.0 1 0.00161671154152
1234 -1.5 12.0 1 0.00175051694977
1235 -2.0 12.0 1 0.00176065727841
1236 -2.5 12.0 1 0.00159937276483
1237 -3.0 12.0 1 0.00143654379962
1238 -3.5 12.0 1 0.00131758234583
1239 -4.0 12.0 1 0.00121132466315
1240 -4.5 12.0 1 0.00115114747184
1241 -5.0 12.0 1 0.00118391698202
1242 -5.5 12.0 1 0.00126011081985
1243 -6.0 12.0 1 0.00135415254728
1244 -6.5 12.0 1 0.00138593973385
1245 -7.0 12.0 1 0.00133242383799
1246 -7.5 12.0 1 0.0013688954039
1247 -8.0 12.0 1 0.00139321941897
1248 0.0 12.5 1 0.001726944761
1249 0.5 12.5 1 0.00171570286772
1250 1.0 12.5 1 0.00159532913388
1251 1.5 12.5 1 0.00156421066319
1252 2.0 12.5 1 0.00151097659374
1253 2.5 12.5 1 0.0015232065757
1254 3.0 12.5 1 0.00150711011851
1255 3.5 12.5 1 0.00154060506971
1256 4.0 12.5 1 0.00162610416155
1257 4.5 12.5 1 0.00165865843498
1258 5.0 12.5 1 0.00169599266565
1259 5.5 12.5 1 0.00156650625691
1260 6.0 12.5 1 0.00140878798326
1261 6.5 12.5 1 0.00146084068283
1262 7.0 12.5 1 0.00161629796812
1263 -0.5 12.5 1 0.0017373778228
1264 -1.0 12.5 1 0.0016636774527
1265 -1.5 12.5 1 0.00154515213036
1266 -2.0 12.5 1 0.00144027823977
1267 -2.5 12.5 1 0.00136356979661
1268 -3.0 12.5 1 0.00130459372673
1269 -3.5 12.5 1 0.00123337869927
1270 -4.0 12.5 1 0.00124512742461
1271 -4.5 12.5 1 0.00129351978525
1272 -5.0 12.5 1 0.00135253978717
1273 -5.5 12.5 1 0.00139332931629
1274 -6.0 12.5 1 0.00139241957104
1275 -6.5 12.5 1 0.0014323543874
1276 -7.0 12.5 1 0.00139156978606
1277 0.0 13.0 1 0.00148847809354
1278 0.5 13.0 1 0.00151290512027
1279 1.0 13.0 1 0.00157229779935
1280 1.5 13.0 1 0.00156228748023
1281 2.0 13.0 1 0.00157308057674
1282 2.5 13.0 1 0.00158091740395
1283 3.0 13.0 1 0.00157050721211
1284 3.5 13.0 1 0.00150822924338
1285 4.0 13.0 1 0.0014443962656
1286 4.5 13.0 1 0.00140928860818
1287 5.0 13.0 1 0.0014024576209
1288 5.5 13.0 1 0.00149589995131
1289 6.0 13.0 1 0.00163307385936
1290 -0.5 13.0 1 0.00143510760789
1291 -1.0 13.0 1 0.00137049985761
1292 -1.5 13.0 1 0.00136011400835
1293 -2.0 13.0 1 0.00133026434831
1294 -2.5 13.0 1 0.00126791696226
1295 -3.0 13.0 1 0.00133567079468
1296 -3.5 13.0 1 0.00135053783404
1297 -4.0 13.0 1 0.0013694077727
1298 -4.5 13.0 1 0.00137778997259
1299 -5.0 13.0 1 0.00135201154092
1300 -5.5 13.0 1 0.00137546311507
1301 -6.0 13.0 1 0.00144226889662
1302 0.0 13.5 1 0.00140741721681
1303 0.5 13.5 1 0.0014223445345
1304 1.0 13.5 1 0.00139289557034
1305 1.5 13.5 1 0.0013649945995
1306 2.0 13.5 1 0.00143056267654
1307 2.5 13.5 1 0.00144746455369
1308 3.0 13.5 1 0.00143981536617
1309 3.5 13.5 1 0.0015107356363
1310 4.0 13.5 1 0.00156043311706
1311 4.5 13.5 1 0.00158277018248
1312 5.0 13.5 1 0.00168477937351
1313 -0.5 13.5 1 0.00138311011284
1314 -1.0 13.5 1 0.00139416185575
1315 -1.5 13.5 1 0.0014423573951
1316 -2.0 13.5 1 0.0014608375681
1317 -2.5 13.5 1 0.00152416684832
1318 -3.0 13.5 1 0.00149799253034
1319 -3.5 13.5 1 0.00148233237463
1320 -4.0 13.5 1 0.00146957983551
1321 -4.5 13.5 1 0.00148306949173
1322 -5.0 13.5 1 0.00149463639796
1323 0.0 14.0 1 0.0015621001615
1324 0.5 14.0 1 0.00162711883029
1325 1.0 14.0 1 0.00154794023053
1326 1.5 14.0 1 0.00155037333479
1327 2.0 14.0 1 0.00163979486821
1328 2.5 14.0 1 0.00159571579188
1329 3.0 14.0 1 0.00164294340022
1330 3.5 14.0 1 0.00167731237327
1331 -0.5 14.0 1 0.0014979851045
1332 -1.0 14.0 1 0.00154365726104
1333 -1.5 14.0 1 0.00159832055994
1334 -2.0 14.0 1 0.00157121089927
1335 -2.5 14.0 1 0.00156060305142
1336 -3.0 14.0 1 0.00153945375028
1337 -3.5 14.0 1 0.00154297096218
1338 0.0 -0.5 1 0.000602860758336
1339 0.5 -0.5 1 0.000624754934179
1340 1.0 -0.5 1 0.000648270178745
1341 1.5 -0.5 1 0.000674742317495
1342 2.0 -0.5 1 0.000724063236462
1343 2.5 -0.5 1 0.000753407526115
1344 3.0 -0.5 1 0.0007958645941
1345 3.5 -0.5 1 0.000826505814415
1346 4.0 -0.5 1 0.000864229271142
1347 4.5 -0.5 1 0.000935885690083
1348 5.0 -0.5 1 0.000987238205118
1349 5.5 -0.5 1 0.00102154503807
1350 6.0 -0.5 1 0.00111220131054
1351 6.5 -0.5 1 0.00116765556716
1352 7.0 -0.5 1 0.00131672417931
1353 7.5 -0.5 1 0.00138666212795
1354 8.0 -0.5 1 0.00153598028017
1355 8.5 -0.5 1 0.00165785917972
1356 9.0 -0.5 1 0.0018805260203
1357 9.5 -0.5 1 0.00202803063227
1358 10.0 -0.5 1 0.00234257081159
1359 10.5 -0.5 1 0.00273844920188
1360 11.0 -0.5 1 0.0032729044819
1361 11.5 -0.5 1 0.00371054664469
1362 12.0 -0.5 1 0.00472201035614
1363 12.5 -0.5 1 0.00550883030468
1364 13.0 -0.5 1 0.00763575854151
1365 13.5 -0.5 1 0.00958447782801
1366 14.0 -0.5 1 0.0141429101512
1367 -0.5 -0.5 1 0.000573063742577
1368 -1.0 -0.5 1 0.000560927130082
1369 -1.5 -0.5 1 0.000536097618323
1370 -2.0 -0.5 1 0.000536728984022
1371 -2.5 -0.5 1 0.00050896921889
1372 -3.0 -0.5 1 0.000509876930789
1373 -3.5 -0.5 1 0.000517763537793
1374 -4.0 -0.5 1 0.000530772227563
1375 -4.5 -0.5 1 0.000535325518502
1376 -5.0 -0.5 1 0.000522166679718
1377 -5.5 -0.5 1 0.000575030049453
1378 -6.0 -0.5 1 0.000574263699079
1379 -6.5 -0.5 1 0.000584047026912
1380 -7.0 -0.5 1 0.000563201057396
1381 -7.5 -0.5 1 0.000556524029008
1382 -8.0 -0.5 1 0.000542390837873
1383 -8.5 -0.5 1 0.000530674659927
1384 -9.0 -0.5 1 0.000535947126159
1385 -9.5 -0.5 1 0.000532084968444
1386 -10.0 -0.5 1 0.000567321250967
1387 -10.5 -0.5 1 0.00063107256431
1388 -11.0 -0.5 1 0.000809554778509
1389 -11.5 -0.5 1 0.00120211545393
1390 -12.0 -0.5 1 0.00139684858555
1391 -12.5 -0.5 1 0.00130252681663
1392 -13.0 -0.5 1 0.00137253943718
1393 -13.5 -0.5 1 0.00145108829698
1394 -14.0 -0.5 1 0.00148470510517
1395 0.0 -1.0 1 0.000592027332163
1396 0.5 -1.0 1 0.000645801981916
1397 1.0 -1.0 1 0.000650233136351
1398 1.5 -1.0 1 0.000680547959594
1399 2.0 -1.0 1 0.00071115840459
1400 2.5 -1.0 1 0.000750700928437
1401 3.0 -1.0 1 0.000781373996571
1402 3.5 -1.0 1 0.000828370132141
1403 4.0 -1.0 1 0.000865106857026
1404 4.5 -1.0 1 0.000885122440622
1405 5.0 -1.0 1 0.000955644406035
1406 5.5 -1.0 1 0.00104111135136
1407 6.0 -1.0 1 0.00110313673293
1408 6.5 -1.0 1 0.00115068629719
1409 7.0 -1.0 1 0.00128562354647
1410 7.5 -1.0 1 0.0013543963452
1411 8.0 -1.0 1 0.00149254741348
1412 8.5 -1.0 1 0.00164642781447
1413 9.0 -1.0 1 0.00183124240885
1414 9.5 -1.0 1 0.00199795263716
1415 10.0 -1.0 1 0.00233730216247
1416 10.5 -1.0 1 0.00266173562724
1417 11.0 -1.0 1 0.00309445416736
1418 11.5 -1.0 1 0.00354999350221
1419 12.0 -1.0 1 0.00413265836712
1420 12.5 -1.0 1 0.00495181634367
1421 13.0 -1.0 1 0.00570315929797
1422 13.5 -1.0 1 0.00672087963303
1423 14.0 -1.0 1 0.00519164344165
1424 -0.5 -1.0 1 0.000572452901664
1425 -1.0 -1.0 1 0.000560412121051
1426 -1.5 -1.0 1 0.000537172810329
1427 -2.0 -1.0 1 0.000537890946142
1428 -2.5 -1.0 1 0.00052325333651
1429 -3.0 -1.0 1 0.000510110632179
1430 -3.5 -1.0 1 0.000482509312921
1431 -4.0 -1.0 1 0.000485169073093
1432 -4.5 -1.0 1 0.000486601621661
1433 -5.0 -1.0 1 0.000497265187185
1434 -5.5 -1.0 1 0.000526144752969
1435 -6.0 -1.0 1 0.000526697724593
1436 -6.5 -1.0 1 0.00056556339465
1437 -7.0 -1.0 1 0.000558299782039
1438 -7.5 -1.0 1 0.000561204309737
1439 -8.0 -1.0 1 0.000553003619504
1440 -8.5 -1.0 1 0.000534590115983
1441 -9.0 -1.0 1 0.000520807730056
1442 -9.5 -1.0 1 0.000549183449761
1443 -10.0 -1.0 1 0.000584177190651
1444 -10.5 -1.0 1 0.000646067872522
1445 -11.0 -1.0 1 0.000871085379205
1446 -11.5 -1.0 1 0.00125269606503
1447 -12.0 -1.0 1 0.00138726816354
1448 -12.5 -1.0 1 0.00130681717574
1449 -13.0 -1.0 1 0.00135388463489
1450 -13.5 -1.0 1 0.00146657853347
1451 -14.0 -1.0 1 0.00145009471538
1452 0.0 -1.5 1 0.000588936483437
1453 0.5 -1.5 1 0.0006190526323
1454 1.0 -1.5 1 0.000648728455491
1455 1.5 -1.5 1 0.000663178408436
1456 2.0 -1.5 1 0.000698807426047
1457 2.5 -1.5 1 0.000731035736597
1458 3.0 -1.5 1 0.000748827514815
1459 3.5 -1.5 1 0.000812821441764
1460 4.0 -1.5 1 0.000852827162638
1461 4.5 -1.5 1 0.000884810863324
1462 5.0 -1.5 1 0.000965948371672
1463 5.5 -1.5 1 0.000997017820434
1464 6.0 -1.5 1 0.00108362224705
1465 6.5 -1.5 1 0.0011512843387
1466 7.0 -1.5 1 0.00123356351757
1467 7.5 -1.5 1 0.00133751093423
1468 8.0 -1.5 1 0.0014426216726
1469 8.5 -1.5 1 0.00158127273045
1470 9.0 -1.5 1 0.00174673974969
1471 9.5 -1.5 1 0.00198723262156
1472 10.0 -1.5 1 0.00218626281693
1473 10.5 -1.5 1 0.00246027158645
1474 11.0 -1.5 1 0.00283619507696
1475 11.5 -1.5 1 0.00325738762445
1476 12.0 -1.5 1 0.00352309397039
1477 12.5 -1.5 1 0.00406805268286
1478 13.0 -1.5 1 0.0040852518073
1479 13.5 -1.5 1 0.00393694169562
1480 14.0 -1.5 1 0.00286240015164
1481 -0.5 -1.5 1 0.000565856283244
1482 -1.0 -1.5 1 0.000560064450577
1483 -1.5 -1.5 1 0.000534067528387
1484 -2.0 -1.5 1 0.00052689782471
1485 -2.5 -1.5 1 0.000502882657192
1486 -3.0 -1.5 1 0.000497797364278
1487 -3.5 -1.5 1 0.000484724120946
1488 -4.0 -1.5 1 0.000475286826681
1489 -4.5 -1.5 1 0.000477616481587
1490 -5.0 -1.5 1 0.000470701611192
1491 -5.5 -1.5 1 0.00046797932136
1492 -6.0 -1.5 1 0.00048557853179
1493 -6.5 -1.5 1 0.000514143222235
1494 -7.0 -1.5 1 0.000563093413439
1495 -7.5 -1.5 1 0.000578516190155
1496 -8.0 -1.5 1 0.000572669471665
1497 -8.5 -1.5 1 0.000559222514022
1498 -9.0 -1.5 1 0.000554635906382
1499 -9.5 -1.5 1 0.000571813596561
1500 -10.0 -1.5 1 0.000582354080262
1501 -10.5 -1.5 1 0.000698415424936
1502 -11.0 -1.5 1 0.000940655374569
1503 -11.5 -1.5 1 0.00124272173744
1504 -12.0 -1.5 1 0.00135165595392
1505 -12.5 -1.5 1 0.00128929412515
1506 -13.0 -1.5 1 0.00138131969651
1507 -13.5 -1.5 1 0.00142453238188
1508 -14.0 -1.5 1 0.00148937457917
1509 0.0 -2.0 1 0.000596184377229
1510 0.5 -2.0 1 0.000619774001351
1511 1.0 -2.0 1 0.000633039331228
1512 1.5 -2.0 1 0.000670540411262
1513 2.0 -2.0 1 0.000713614264294
1514 2.5 -2.0 1 0.000733769615935
1515 3.0 -2.0 1 0.000751906655908
1516 3.5 -2.0 1 0.00079063805701
1517 4.0 -2.0 1 0.000844302981682
1518 4.5 -2.0 1 0.000894050926191
1519 5.0 -2.0 1 0.000940539409726
1520 5.5 -2.0 1 0.00100631805115
1521 6.0 -2.0 1 0.0010759075672
1522 6.5 -2.0 1 0.00112695680864
1523 7.0 -2.0 1 0.00119642192519
1524 7.5 -2.0 1 0.00126591644951
1525 8.0 -2.0 1 0.00139417739973
1526 8.5 -2.0 1 0.00153921623196
1527 9.0 -2.0 1 0.00166517078189
1528 9.5 -2.0 1 0.00185615948797
1529 10.0 -2.0 1 0.00203258511807
1530 10.5 -2.0 1 0.00233145292014
1531 11.0 -2.0 1 0.00253152721255
1532 11.5 -2.0 1 0.00283555675944
1533 12.0 -2.0 1 0.00306264089504
1534 12.5 -2.0 1 0.00309396312161
1535 13.0 -2.0 1 0.003165808445
1536 13.5 -2.0 1 0.00266194248181
1537 14.0 -2.0 1 0.00172209507212
1538 -0.5 -2.0 1 0.000574462712785
1539 -1.0 -2.0 1 0.000554011295788
1540 -1.5 -2.0 1 0.000524931227736
1541 -2.0 -2.0 1 0.000512737943623
1542 -2.5 -2.0 1 0.000510809063401
1543 -3.0 -2.0 1 0.000492687674824
1544 -3.5 -2.0 1 0.000476552377244
1545 -4.0 -2.0 1 0.000453434614781
1546 -4.5 -2.0 1 0.000468658752089
1547 -5.0 -2.0 1 0.000465654867923
1548 -5.5 -2.0 1 0.000451873500707
1549 -6.0 -2.0 1 0.000460770521337
1550 -6.5 -2.0 1 0.000503961471565
1551 -7.0 -2.0 1 0.000555706081979
1552 -7.5 -2.0 1 0.000563928411394
1553 -8.0 -2.0 1 0.000581957119522
1554 -8.5 -2.0 1 0.000558417687281
1555 -9.0 -2.0 1 0.000578338102898
1556 -9.5 -2.0 1 0.000579527197072
1557 -10.0 -2.0 1 0.000624278077081
1558 -10.5 -2.0 1 0.000773670535632
1559 -11.0 -2.0 1 0.0009802580554
1560 -11.5 -2.0 1 0.00128066362071
1561 -12.0 -2.0 1 0.00132721019401
1562 -12.5 -2.0 1 0.0013305988265
1563 -13.0 -2.0 1 0.0013710931808
1564 -13.5 -2.0 1 0.00146059601405
1565 -14.0 -2.0 1 0.00146534202518
1566 0.0 -2.5 1 0.000587861324914
1567 0.5 -2.5 1 0.000611276929224
1568 1.0 -2.5 1 0.000625429247658
1569 1.5 -2.5 1 0.000650771773236
1570 2.0 -2.5 1 0.000702936357955
1571 2.5 -2.5 1 0.000733580471135
1572 3.0 -2.5 1 0.000737971923023
1573 3.5 -2.5 1 0.000768516058146
1574 4.0 -2.5 1 0.000818989342581
1575 4.5 -2.5 1 0.000884827100836
1576 5.0 -2.5 1 0.000940935722085
1577 5.5 -2.5 1 0.000947669945012
1578 6.0 -2.5 1 0.00100249403841
1579 6.5 -2.5 1 0.00108520478791
1580 7.0 -2.5 1 0.00118803574658
1581 7.5 -2.5 1 0.00122557073418
1582 8.0 -2.5 1 0.00131938595318
1583 8.5 -2.5 1 0.00144869726329
1584 9.0 -2.5 1 0.00156601101771
1585 9.5 -2.5 1 0.00172845888039
1586 10.0 -2.5 1 0.00192253109441
1587 10.5 -2.5 1 0.00211342058792
1588 11.0 -2.5 1 0.00230171060303
1589 11.5 -2.5 1 0.00241192596484
1590 12.0 -2.5 1 0.00258249305193
1591 12.5 -2.5 1 0.00252007816178
1592 13.0 -2.5 1 0.00229754499615
1593 13.5 -2.5 1 0.00196805648095
1594 14.0 -2.5 1 0.00130224251862
1595 -0.5 -2.5 1 0.000542715863701
1596 -1.0 -2.5 1 0.000551240035898
1597 -1.5 -2.5 1 0.000519889567709
1598 -2.0 -2.5 1 0.000518909084914
1599 -2.5 -2.5 1 0.000510109491173
1600 -3.0 -2.5 1 0.000494528696381
1601 -3.5 -2.5 1 0.000481767104206
1602 -4.0 -2.5 1 0.000454460520614
1603 -4.5 -2.5 1 0.00045369223209
1604 -5.0 -2.5 1 0.00043480234094
1605 -5.5 -2.5 1 0.000446540538611
1606 -6.0 -2.5 1 0.000441297498233
1607 -6.5 -2.5 1 0.00048445456783
1608 -7.0 -2.5 1 0.000531709470863
1609 -7.5 -2.5 1 0.000569380332433
1610 -8.0 -2.5 1 0.000584222467782
1611 -8.5 -2.5 1 0.000570079009237
1612 -9.0 -2.5 1 0.000581424465902
1613 -9.5 -2.5 1 0.000607746357256
1614 -10.0 -2.5 1 0.000690539184589
1615 -10.5 -2.5 1 0.00084421714961
1616 -11.0 -2.5 1 0.00105680519611
1617 -11.5 -2.5 1 0.00124871651831
1618 -12.0 -2.5 1 0.00131090125719
1619 -12.5 -2.5 1 0.00130519720069
1620 -13.0 -2.5 1 0.00136617275584
1621 -13.5 -2.5 1 0.00144141768811
1622 -14.0 -2.5 1 0.00148859642253
1623 0.0 -3.0 1 0.000546183543897
1624 0.5 -3.0 1 0.00059193121224
1625 1.0 -3.0 1 0.000619401989128
1626 1.5 -3.0 1 0.00065379621144
1627 2.0 -3.0 1 0.000670599057248
1628 2.5 -3.0 1 0.000734673069476
1629 3.0 -3.0 1 0.000730972150723
1630 3.5 -3.0 1 0.000752379042914
1631 4.0 -3.0 1 0.000814927790185
1632 4.5 -3.0 1 0.00084190042054
1633 5.0 -3.0 1 0.000871692713787
1634 5.5 -3.0 1 0.000948393809912
1635 6.0 -3.0 1 0.00100461340286
1636 6.5 -3.0 1 0.0010479778549
1637 7.0 -3.0 1 0.00112602675464
1638 7.5 -3.0 1 0.00119127372831
1639 8.0 -3.0 1 0.00124121510942
1640 8.5 -3.0 1 0.00135538476124
1641 9.0 -3.0 1 0.00149752824883
1642 9.5 -3.0 1 0.0016014654128
1643 10.0 -3.0 1 0.0017711032774
1644 10.5 -3.0 1 0.00189870236692
1645 11.0 -3.0 1 0.00201822323515
1646 11.5 -3.0 1 0.00214210376943
1647 12.0 -3.0 1 0.00210346105839
1648 12.5 -3.0 1 0.00207678935075
1649 13.0 -3.0 1 0.00191285764858
1650 13.5 -3.0 1 0.00150472895119
1651 14.0 -3.0 1 0.00103575821041
1652 -0.5 -3.0 1 0.000548132172124
1653 -1.0 -3.0 1 0.000535336688176
1654 -1.5 -3.0 1 0.000511244199102
1655 -2.0 -3.0 1 0.000514208305617
1656 -2.5 -3.0 1 0.000482398267148
1657 -3.0 -3.0 1 0.000464217191392
1658 -3.5 -3.0 1 0.000463975365618
1659 -4.0 -3.0 1 0.000454769590074
1660 -4.5 -3.0 1 0.000444867196574
1661 -5.0 -3.0 1 0.000417822272898
1662 -5.5 -3.0 1 0.000428364946951
1663 -6.0 -3.0 1 0.000437710365954
1664 -6.5 -3.0 1 0.000474785039605
1665 -7.0 -3.0 1 0.000548630122796
1666 -7.5 -3.0 1 0.000589990073133
1667 -8.0 -3.0 1 0.000603772670982
1668 -8.5 -3.0 1 0.00061805875048
1669 -9.0 -3.0 1 0.00062412161349
1670 -9.5 -3.0 1 0.000649204035993
1671 -10.0 -3.0 1 0.000754575651841
1672 -10.5 -3.0 1 0.000930760353755
1673 -11.0 -3.0 1 0.00107430193372
1674 -11.5 -3.0 1 0.00125448738359
1675 -12.0 -3.0 1 0.00131615455245
1676 -12.5 -3.0 1 0.00128820302696
1677 -13.0 -3.0 1 0.00136887448325
1678 -13.5 -3.0 1 0.00149290995645
1679 -14.0 -3.0 1 0.00146024197428
1680 0.0 -3.5 1 0.000563992954142
1681 0.5 -3.5 1 0.000589101653544
1682 1.0 -3.5 1 0.000602924066299
1683 1.5 -3.5 1 0.000618695975794
1684 2.0 -3.5 1 0.000655631200168
1685 2.5 -3.5 1 0.000687385815028
1686 3.0 -3.5 1 0.000714728624062
1687 3.5 -3.5 1 0.000727579144038
1688 4.0 -3.5 1 0.000769463208281
1689 4.5 -3.5 1 0.000826092265362
1690 5.0 -3.5 1 0.000863462281756
1691 5.5 -3.5 1 0.000894687164346
1692 6.0 -3.5 1 0.000960645700072
1693 6.5 -3.5 1 0.00100583577095
1694 7.0 -3.5 1 0.00104133641303
1695 7.5 -3.5 1 0.00112027735062
1696 8.0 -3.5 1 0.00118907865246
1697 8.5 -3.5 1 0.00126074052407
1698 9.0 -3.5 1 0.00140398944409
1699 9.5 -3.5 1 0.00149539104027
1700 10.0 -3.5 1 0.00162692618555
1701 10.5 -3.5 1 0.0017395649711
1702 11.0 -3.5 1 0.00179408699779
1703 11.5 -3.5 1 0.00185469708761
1704 12.0 -3.5 1 0.00181944762622
1705 12.5 -3.5 1 0.00174397863717
1706 13.0 -3.5 1 0.00152189698235
1707 13.5 -3.5 1 0.00124336568776
1708 14.0 -3.5 1 0.00140857313575
1709 -0.5 -3.5 1 0.000537957762282
1710 -1.0 -3.5 1 0.000527836457332
1711 -1.5 -3.5 1 0.000521584391947
1712 -2.0 -3.5 1 0.000494254503056
1713 -2.5 -3.5 1 0.000486241970096
1714 -3.0 -3.5 1 0.000472238409092
1715 -3.5 -3.5 1 0.000445580591681
1716 -4.0 -3.5 1 0.000443417017153
1717 -4.5 -3.5 1 0.000442317236516
1718 -5.0 -3.5 1 0.000411941314773
1719 -5.5 -3.5 1 0.000426432584326
1720 -6.0 -3.5 1 0.000437711669388
1721 -6.5 -3.5 1 0.000465022974695
1722 -7.0 -3.5 1 0.000537275072621
1723 -7.5 -3.5 1 0.000601124317429
1724 -8.0 -3.5 1 0.000617870504812
1725 -8.5 -3.5 1 0.000641444115866
1726 -9.0 -3.5 1 0.000647399080314
1727 -9.5 -3.5 1 0.000731081761759
1728 -10.0 -3.5 1 0.000860310326457
1729 -10.5 -3.5 1 0.00103353047871
1730 -11.0 -3.5 1 0.0011065218945
1731 -11.5 -3.5 1 0.00123850789086
1732 -12.0 -3.5 1 0.00130780890956
1733 -12.5 -3.5 1 0.00132647803602
1734 -13.0 -3.5 1 0.00135660715094
1735 -13.5 -3.5 1 0.00143866152445
1736 -14.0 -3.5 1 0.00143242573922
1737 0.0 -4.0 1 0.000549667429221
1738 0.5 -4.0 1 0.000595645505055
1739 1.0 -4.0 1 0.000599144039486
1740 1.5 -4.0 1 0.000629243035054
1741 2.0 -4.0 1 0.000643745363129
1742 2.5 -4.0 1 0.000679553097726
1743 3.0 -4.0 1 0.000696108957242
1744 3.5 -4.0 1 0.000717014162106
1745 4.0 -4.0 1 0.000751042235753
1746 4.5 -4.0 1 0.000807205514505
1747 5.0 -4.0 1 0.000820461672083
1748 5.5 -4.0 1 0.000875661491065
1749 6.0 -4.0 1 0.000901609412755
1750 6.5 -4.0 1 0.000986724797815
1751 7.0 -4.0 1 0.00101396717775
1752 7.5 -4.0 1 0.00104680263915
1753 8.0 -4.0 1 0.0011293895421
1754 8.5 -4.0 1 0.00123242063431
1755 9.0 -4.0 1 0.00131672817192
1756 9.5 -4.0 1 0.00141739315061
1757 10.0 -4.0 1 0.00149220459555
1758 10.5 -4.0 1 0.0015812789802
1759 11.0 -4.0 1 0.00161907719888
1760 11.5 -4.0 1 0.001626600588
1761 12.0 -4.0 1 0.00161337146619
1762 12.5 -4.0 1 0.0014943539442
1763 13.0 -4.0 1 0.00129246692857
1764 13.5 -4.0 1 0.00103628221359
1765 -0.5 -4.0 1 0.000531740354381
1766 -1.0 -4.0 1 0.000515084226398
1767 -1.5 -4.0 1 0.000491295075077
1768 -2.0 -4.0 1 0.000485941141572
1769 -2.5 -4.0 1 0.000467674968103
1770 -3.0 -4.0 1 0.000458557713121
1771 -3.5 -4.0 1 0.000430859051722
1772 -4.0 -4.0 1 0.000433802508265
1773 -4.5 -4.0 1 0.000444452837658
1774 -5.0 -4.0 1 0.000418694793907
1775 -5.5 -4.0 1 0.000409396218006
1776 -6.0 -4.0 1 0.000412936953285
1777 -6.5 -4.0 1 0.000465085238066
1778 -7.0 -4.0 1 0.000534582359348
1779 -7.5 -4.0 1 0.000628222807457
1780 -8.0 -4.0 1 0.000675325142827
1781 -8.5 -4.0 1 0.000662040288686
1782 -9.0 -4.0 1 0.000699511599977
1783 -9.5 -4.0 1 0.000819193044009
1784 -10.0 -4.0 1 0.000967616421405
1785 -10.5 -4.0 1 0.0010561395039
1786 -11.0 -4.0 1 0.00109210184366
1787 -11.5 -4.0 1 0.00122464926386
1788 -12.0 -4.0 1 0.00129288807972
1789 -12.5 -4.0 1 0.00134681830142
1790 -13.0 -4.0 1 0.00135496188484
1791 -13.5 -4.0 1 0.00140704168862
1792 0.0 -4.5 1 0.000543427955458
1793 0.5 -4.5 1 0.000561871027563
1794 1.0 -4.5 1 0.000589442389801
1795 1.5 -4.5 1 0.000595369823929
1796 2.0 -4.5 1 0.000622703492888
1797 2.5 -4.5 1 0.000654788443547
1798 3.0 -4.5 1 0.00067001772464
1799 3.5 -4.5 1 0.00071057523205
1800 4.0 -4.5 1 0.000722609109972
1801 4.5 -4.5 1 0.000766264714575
1802 5.0 -4.5 1 0.000787835165833
1803 5.5 -4.5 1 0.000837536679312
1804 6.0 -4.5 1 0.000877600798685
1805 6.5 -4.5 1 0.00090479198307
1806 7.0 -4.5 1 0.000952036717916
1807 7.5 -4.5 1 0.000985000279765
1808 8.0 -4.5 1 0.00104810939881
1809 8.5 -4.5 1 0.00116852184209
1810 9.0 -4.5 1 0.00123629929054
1811 9.5 -4.5 1 0.00135555606365
1812 10.0 -4.5 1 0.00137774459077
1813 10.5 -4.5 1 0.00143691052932
1814 11.0 -4.5 1 0.00147475444069
1815 11.5 -4.5 1 0.00146710285869
1816 12.0 -4.5 1 0.00138063252122
1817 12.5 -4.5 1 0.00128135744085
1818 13.0 -4.5 1 0.00116252549251
1819 13.5 -4.5 1 0.000955451512648
1820 -0.5 -4.5 1 0.00051527155645
1821 -1.0 -4.5 1 0.000483452167534
1822 -1.5 -4.5 1 0.00050033311331
1823 -2.0 -4.5 1 0.000485766891006
1824 -2.5 -4.5 1 0.000461896316697
1825 -3.0 -4.5 1 0.000462410466312
1826 -3.5 -4.5 1 0.00043860146296
1827 -4.0 -4.5 1 0.000411474719239
1828 -4.5 -4.5 1 0.000410407223579
1829 -5.0 -4.5 1 0.000395902283667
1830 -5.5 -4.5 1 0.00040403079818
1831 -6.0 -4.5 1 0.000414594981143
1832 -6.5 -4.5 1 0.000453600657591
1833 -7.0 -4.5 1 0.000536547810831
1834 -7.5 -4.5 1 0.000658270520938
1835 -8.0 -4.5 1 0.000716157847584
1836 -8.5 -4.5 1 0.0007436627355
1837 -9.0 -4.5 1 0.000807633301871
1838 -9.5 -4.5 1 0.000924328148628
1839 -10.0 -4.5 1 0.000996778586618
1840 -10.5 -4.5 1 0.00104094520313
1841 -11.0 -4.5 1 0.00109989523249
1842 -11.5 -4.5 1 0.00127524837111
1843 -12.0 -4.5 1 0.00129009273176
1844 -12.5 -4.5 1 0.00131753548995
1845 -13.0 -4.5 1 0.00137220812135
1846 -13.5 -4.5 1 0.00141606570603
1847 0.0 -5.0 1 0.000523199344492
1848 0.5 -5.0 1 0.000543050122136
1849 1.0 -5.0 1 0.000573453924969
1850 1.5 -5.0 1 0.000574248098095
1851 2.0 -5.0 1 0.000595671599896
1852 2.5 -5.0 1 0.00062940744054
1853 3.0 -5.0 1 0.000660212988827
1854 3.5 -5.0 1 0.000689851422542
1855 4.0 -5.0 1 0.000712959296676
1856 4.5 -5.0 1 0.000741967871775
1857 5.0 -5.0 1 0.000743271667002
1858 5.5 -5.0 1 0.000792619153579
1859 6.0 -5.0 1 0.000833504815929
1860 6.5 -5.0 1 0.000872768817041
1861 7.0 -5.0 1 0.000891200347767
1862 7.5 -5.0 1 0.000924910165512
1863 8.0 -5.0 1 0.00100425743313
1864 8.5 -5.0 1 0.00114256490432
1865 9.0 -5.0 1 0.0011851640463
1866 9.5 -5.0 1 0.00124095611717
1867 10.0 -5.0 1 0.00126988470443
1868 10.5 -5.0 1 0.00131024454189
1869 11.0 -5.0 1 0.00133971171033
1870 11.5 -5.0 1 0.00130611023298
1871 12.0 -5.0 1 0.00126497579119
1872 12.5 -5.0 1 0.00117023408883
1873 13.0 -5.0 1 0.00101193791876
1874 13.5 -5.0 1 0.00150136034376
1875 -0.5 -5.0 1 0.000509336301378
1876 -1.0 -5.0 1 0.000499447882348
1877 -1.5 -5.0 1 0.000486480635503
1878 -2.0 -5.0 1 0.000473902880544
1879 -2.5 -5.0 1 0.000458816976062
1880 -3.0 -5.0 1 0.00043688583369
1881 -3.5 -5.0 1 0.000405813958108
1882 -4.0 -5.0 1 0.000416506038078
1883 -4.5 -5.0 1 0.000413830528354
1884 -5.0 -5.0 1 0.000399324539486
1885 -5.5 -5.0 1 0.000411465888134
1886 -6.0 -5.0 1 0.000420743030481
1887 -6.5 -5.0 1 0.000454469184527
1888 -7.0 -5.0 1 0.000600198798135
1889 -7.5 -5.0 1 0.000687254616256
1890 -8.0 -5.0 1 0.00080032880502
1891 -8.5 -5.0 1 0.00084404205613
1892 -9.0 -5.0 1 0.000916896491614
1893 -9.5 -5.0 1 0.0010291625709
1894 -10.0 -5.0 1 0.00104065484752
1895 -10.5 -5.0 1 0.00100571814604
1896 -11.0 -5.0 1 0.00112331325121
1897 -11.5 -5.0 1 0.00129947300795
1898 -12.0 -5.0 1 0.00129041302039
1899 -12.5 -5.0 1 0.00134854504083
1900 -13.0 -5.0 1 0.00140534866356
1901 -13.5 -5.0 1 0.00140859621076
1902 0.0 -5.5 1 0.000516369281657
1903 0.5 -5.5 1 0.000507119149057
1904 1.0 -5.5 1 0.000534671794839
1905 1.5 -5.5 1 0.00054161056402
1906 2.0 -5.5 1 0.000593549091492
1907 2.5 -5.5 1 0.000612081450033
1908 3.0 -5.5 1 0.000639827968238
1909 3.5 -5.5 1 0.000658806139465
1910 4.0 -5.5 1 0.000678390208625
1911 4.5 -5.5 1 0.00070585489672
1912 5.0 -5.5 1 0.000736042424634
1913 5.5 -5.5 1 0.00076864995832
1914 6.0 -5.5 1 0.000773838418887
1915 6.5 -5.5 1 0.00078970385322
1916 7.0 -5.5 1 0.000830591402921
1917 7.5 -5.5 1 0.000905943558547
1918 8.0 -5.5 1 0.00101547884998
1919 8.5 -5.5 1 0.00107379780904
1920 9.0 -5.5 1 0.00113638934044
1921 9.5 -5.5 1 0.00117840328146
1922 10.0 -5.5 1 0.00121160536141
1923 10.5 -5.5 1 0.0012142317824
1924 11.0 -5.5 1 0.00121876567901
1925 11.5 -5.5 1 0.0011804020404
1926 12.0 -5.5 1 0.00112683314544
1927 12.5 -5.5 1 0.00103847398107
1928 13.0 -5.5 1 0.000918062826158
1929 -0.5 -5.5 1 0.000502064995534
1930 -1.0 -5.5 1 0.000480380046799
1931 -1.5 -5.5 1 0.000476376975846
1932 -2.0 -5.5 1 0.000470602713722
1933 -2.5 -5.5 1 0.000454085963917
1934 -3.0 -5.5 1 0.000431873583521
1935 -3.5 -5.5 1 0.000438879162264
1936 -4.0 -5.5 1 0.000413211963348
1937 -4.5 -5.5 1 0.000395705662302
1938 -5.0 -5.5 1 0.000404655311805
1939 -5.5 -5.5 1 0.000411477314617
1940 -6.0 -5.5 1 0.00041124244
1941 -6.5 -5.5 1 0.000502828057166
1942 -7.0 -5.5 1 0.000641828395148
1943 -7.5 -5.5 1 0.000804563827572
1944 -8.0 -5.5 1 0.000906696579661
1945 -8.5 -5.5 1 0.000957494363113
1946 -9.0 -5.5 1 0.00102696806884
1947 -9.5 -5.5 1 0.00107368400684
1948 -10.0 -5.5 1 0.000985850342641
1949 -10.5 -5.5 1 0.000983445304163
1950 -11.0 -5.5 1 0.00116862282219
1951 -11.5 -5.5 1 0.0013066222339
1952 -12.0 -5.5 1 0.00127788003309
1953 -12.5 -5.5 1 0.0013913606811
1954 -13.0 -5.5 1 0.00140583872711
1955 0.0 -6.0 1 0.000483850156948
1956 0.5 -6.0 1 0.000531982293241
1957 1.0 -6.0 1 0.000543898276563
1958 1.5 -6.0 1 0.000548910822425
1959 2.0 -6.0 1 0.000562382633018
1960 2.5 -6.0 1 0.000588066753439
1961 3.0 -6.0 1 0.000614803316614
1962 3.5 -6.0 1 0.000638047037026
1963 4.0 -6.0 1 0.000667650401073
1964 4.5 -6.0 1 0.00069116343045
1965 5.0 -6.0 1 0.000700180184831
1966 5.5 -6.0 1 0.000707809847588
1967 6.0 -6.0 1 0.000730271762783
1968 6.5 -6.0 1 0.000773538490381
1969 7.0 -6.0 1 0.000818080057803
1970 7.5 -6.0 1 0.000887219948999
1971 8.0 -6.0 1 0.000970438593369
1972 8.5 -6.0 1 0.00106129410053
1973 9.0 -6.0 1 0.00107233839102
1974 9.5 -6.0 1 0.00110180927294
1975 10.0 -6.0 1 0.00111293952386
1976 10.5 -6.0 1 0.0011717077648
1977 11.0 -6.0 1 0.00113348043408
1978 11.5 -6.0 1 0.00109853782178
1979 12.0 -6.0 1 0.00104992442369
1980 12.5 -6.0 1 0.000943558946647
1981 13.0 -6.0 1 0.00137604929134
1982 -0.5 -6.0 1 0.000483734674868
1983 -1.0 -6.0 1 0.000498787689953
1984 -1.5 -6.0 1 0.000463712861854
1985 -2.0 -6.0 1 0.000442368752138
1986 -2.5 -6.0 1 0.00043656480886
1987 -3.0 -6.0 1 0.000419062998783
1988 -3.5 -6.0 1 0.000419711714004
1989 -4.0 -6.0 1 0.000403537357353
1990 -4.5 -6.0 1 0.000394226952176
1991 -5.0 -6.0 1 0.000394670321754
1992 -5.5 -6.0 1 0.00039600583839
1993 -6.0 -6.0 1 0.000441334197297
1994 -6.5 -6.0 1 0.00055925911945
1995 -7.0 -6.0 1 0.00075605356939
1996 -7.5 -6.0 1 0.000974225008835
1997 -8.0 -6.0 1 0.00104253461879
1998 -8.5 -6.0 1 0.00105055858617
1999 -9.0 -6.0 1 0.00107062024563
2000 -9.5 -6.0 1 0.00100323892101
2001 -10.0 -6.0 1 0.00092039602385
2002 -10.5 -6.0 1 0.00104608074473
2003 -11.0 -6.0 1 0.00127302633539
2004 -11.5 -6.0 1 0.00129443210889
2005 -12.0 -6.0 1 0.00130016549012
2006 -12.5 -6.0 1 0.00143637834673
2007 -13.0 -6.0 1 0.00138075342384
2008 0.0 -6.5 1 0.000496232018865
2009 0.5 -6.5 1 0.000515063734275
2010 1.0 -6.5 1 0.000529231016561
2011 1.5 -6.5 1 0.000548680100555
2012 2.0 -6.5 1 0.000548062379262
2013 2.5 -6.5 1 0.00057672789286
2014 3.0 -6.5 1 0.000577741350282
2015 3.5 -6.5 1 0.000619040082181
2016 4.0 -6.5 1 0.000616081511118
2017 4.5 -6.5 1 0.000643146271172
2018 5.0 -6.5 1 0.000655037106152
2019 5.5 -6.5 1 0.000683225037424
2020 6.0 -6.5 1 0.000704164843947
2021 6.5 -6.5 1 0.000735768112557
2022 7.0 -6.5 1 0.000807652143916
2023 7.5 -6.5 1 0.000902061219437
2024 8.0 -6.5 1 0.000989566392652
2025 8.5 -6.5 1 0.00101325486176
2026 9.0 -6.5 1 0.00103064246278
2027 9.5 -6.5 1 0.00104441353902
2028 10.0 -6.5 1 0.00108167774642
2029 10.5 -6.5 1 0.00105792693019
2030 11.0 -6.5 1 0.00105552065145
2031 11.5 -6.5 1 0.000999375153613
2032 12.0 -6.5 1 0.000950120404931
2033 12.5 -6.5 1 0.000935897752129
2034 -0.5 -6.5 1 0.000459034619552
2035 -1.0 -6.5 1 0.000461493595136
2036 -1.5 -6.5 1 0.00045115698989
2037 -2.0 -6.5 1 0.000437589304148
2038 -2.5 -6.5 1 0.00042180847816
2039 -3.0 -6.5 1 0.000422993003836
2040 -3.5 -6.5 1 0.000425887157894
2041 -4.0 -6.5 1 0.000406350023111
2042 -4.5 -6.5 1 0.000400287859652
2043 -5.0 -6.5 1 0.000398042343765
2044 -5.5 -6.5 1 0.0003995703678
2045 -6.0 -6.5 1 0.000473794552169
2046 -6.5 -6.5 1 0.000693350177947
2047 -7.0 -6.5 1 0.000975101461928
2048 -7.5 -6.5 1 0.00116641564788
2049 -8.0 -6.5 1 0.00114822075457
2050 -8.5 -6.5 1 0.00107095794011
2051 -9.0 -6.5 1 0.000989143393763
2052 -9.5 -6.5 1 0.000937098461678
2053 -10.0 -6.5 1 0.000938845452283
2054 -10.5 -6.5 1 0.00114396713223
2055 -11.0 -6.5 1 0.001290936277
2056 -11.5 -6.5 1 0.00124978549373
2057 -12.0 -6.5 1 0.00133035545454
2058 -12.5 -6.5 1 0.00135461914153
2059 0.0 -7.0 1 0.000465754828987
2060 0.5 -7.0 1 0.000505348946636
2061 1.0 -7.0 1 0.000497915371908
2062 1.5 -7.0 1 0.000526841078222
2063 2.0 -7.0 1 0.000527931083825
2064 2.5 -7.0 1 0.000554126721907
2065 3.0 -7.0 1 0.000574187469046
2066 3.5 -7.0 1 0.000611653216104
2067 4.0 -7.0 1 0.000605198972463
2068 4.5 -7.0 1 0.000616845929318
2069 5.0 -7.0 1 0.00065452270429
2070 5.5 -7.0 1 0.000649914781624
2071 6.0 -7.0 1 0.000677617489866
2072 6.5 -7.0 1 0.00075577915178
2073 7.0 -7.0 1 0.000848774940958
2074 7.5 -7.0 1 0.000928953677123
2075 8.0 -7.0 1 0.000960352168955
2076 8.5 -7.0 1 0.000954879587539
2077 9.0 -7.0 1 0.000978241736712
2078 9.5 -7.0 1 0.000979177950444
2079 10.0 -7.0 1 0.0010308624546
2080 10.5 -7.0 1 0.00099319453216
2081 11.0 -7.0 1 0.00100615872592
2082 11.5 -7.0 1 0.00091134345346
2083 12.0 -7.0 1 0.000894225051278
2084 12.5 -7.0 1 0.00155526401717
2085 -0.5 -7.0 1 0.00047505902904
2086 -1.0 -7.0 1 0.000455472570015
2087 -1.5 -7.0 1 0.000447968491466
2088 -2.0 -7.0 1 0.00043384544484
2089 -2.5 -7.0 1 0.000428954175899
2090 -3.0 -7.0 1 0.00042803865192
2091 -3.5 -7.0 1 0.000394940989584
2092 -4.0 -7.0 1 0.000405739583612
2093 -4.5 -7.0 1 0.000406154845203
2094 -5.0 -7.0 1 0.000413760286941
2095 -5.5 -7.0 1 0.00046142791765
2096 -6.0 -7.0 1 0.000590175975284
2097 -6.5 -7.0 1 0.00093888515174
2098 -7.0 -7.0 1 0.00122896407702
2099 -7.5 -7.0 1 0.00124961497581
2100 -8.0 -7.0 1 0.00114535957388
2101 -8.5 -7.0 1 0.00102099489416
2102 -9.0 -7.0 1 0.000926313582732
2103 -9.5 -7.0 1 0.000896957799522
2104 -10.0 -7.0 1 0.00103008018194
2105 -10.5 -7.0 1 0.00128610594425
2106 -11.0 -7.0 1 0.00128035245426
2107 -11.5 -7.0 1 0.00130952379198
2108 -12.0 -7.0 1 0.00133544680343
2109 -12.5 -7.0 1 0.00136845963747
2110 0.0 -7.5 1 0.000493334508584
2111 0.5 -7.5 1 0.000512462438092
2112 1.0 -7.5 1 0.000502044121332
2113 1.5 -7.5 1 0.000513300083084
2114 2.0 -7.5 1 0.000517900723403
2115 2.5 -7.5 1 0.000543715953491
2116 3.0 -7.5 1 0.000549358217473
2117 3.5 -7.5 1 0.000570834539777
2118 4.0 -7.5 1 0.00056397170093
2119 4.5 -7.5 1 0.000603075363907
2120 5.0 -7.5 1 0.000632361378276
2121 5.5 -7.5 1 0.000643157729919
2122 6.0 -7.5 1 0.000725601847356
2123 6.5 -7.5 1 0.000793559128374
2124 7.0 -7.5 1 0.000850836970866
2125 7.5 -7.5 1 0.000904268585294
2126 8.0 -7.5 1 0.000930604572382
2127 8.5 -7.5 1 0.00092043161574
2128 9.0 -7.5 1 0.000948972670413
2129 9.5 -7.5 1 0.000982540626179
2130 10.0 -7.5 1 0.00099463725109
2131 10.5 -7.5 1 0.000960363841678
2132 11.0 -7.5 1 0.000954498653194
2133 11.5 -7.5 1 0.000891654682703
2134 12.0 -7.5 1 0.00125120340066
2135 -0.5 -7.5 1 0.000476917040076
2136 -1.0 -7.5 1 0.000452691623725
2137 -1.5 -7.5 1 0.00045149794728
2138 -2.0 -7.5 1 0.000434487147742
2139 -2.5 -7.5 1 0.000435203635285
2140 -3.0 -7.5 1 0.000416192718187
2141 -3.5 -7.5 1 0.00041441816446
2142 -4.0 -7.5 1 0.000421558877396
2143 -4.5 -7.5 1 0.00042874959963
2144 -5.0 -7.5 1 0.000459125911891
2145 -5.5 -7.5 1 0.000561835112062
2146 -6.0 -7.5 1 0.000858029985994
2147 -6.5 -7.5 1 0.00121235785377
2148 -7.0 -7.5 1 0.00134411289641
2149 -7.5 -7.5 1 0.00118896412057
2150 -8.0 -7.5 1 0.00101422360321
2151 -8.5 -7.5 1 0.000920255939355
2152 -9.0 -7.5 1 0.000900959795456
2153 -9.5 -7.5 1 0.00098735314285
2154 -10.0 -7.5 1 0.00116910668014
2155 -10.5 -7.5 1 0.00129067834552
2156 -11.0 -7.5 1 0.00128270782541
2157 -11.5 -7.5 1 0.00131548152161
2158 -12.0 -7.5 1 0.00136712398268
2159 0.0 -8.0 1 0.000487810267438
2160 0.5 -8.0 1 0.000489425800198
2161 1.0 -8.0 1 0.000497472712523
2162 1.5 -8.0 1 0.000514385608873
2163 2.0 -8.0 1 0.00050570993876
2164 2.5 -8.0 1 0.000519664210106
2165 3.0 -8.0 1 0.000533957426067
2166 3.5 -8.0 1 0.000555428292143
2167 4.0 -8.0 1 0.000579532814411
2168 4.5 -8.0 1 0.000603114193791
2169 5.0 -8.0 1 0.000623473455289
2170 5.5 -8.0 1 0.000680785438102
2171 6.0 -8.0 1 0.00078149245264
2172 6.5 -8.0 1 0.000838247575198
2173 7.0 -8.0 1 0.00088150735717
2174 7.5 -8.0 1 0.000878770807219
2175 8.0 -8.0 1 0.000866904957872
2176 8.5 -8.0 1 0.000887722852644
2177 9.0 -8.0 1 0.000942576582984
2178 9.5 -8.0 1 0.000923119356435
2179 10.0 -8.0 1 0.000939282708935
2180 10.5 -8.0 1 0.000884351783688
2181 11.0 -8.0 1 0.000896910447923
2182 11.5 -8.0 1 0.0010664863553
2183 12.0 -8.0 1 0.00168914335563
2184 -0.5 -8.0 1 0.000465335385088
2185 -1.0 -8.0 1 0.00044440049092
2186 -1.5 -8.0 1 0.000456473333394
2187 -2.0 -8.0 1 0.000459410932669
2188 -2.5 -8.0 1 0.000427922379291
2189 -3.0 -8.0 1 0.000437044367161
2190 -3.5 -8.0 1 0.000440796407178
2191 -4.0 -8.0 1 0.000455219968065
2192 -4.5 -8.0 1 0.00050461929712
2193 -5.0 -8.0 1 0.000584010413219
2194 -5.5 -8.0 1 0.000801283961901
2195 -6.0 -8.0 1 0.00118893228188
2196 -6.5 -8.0 1 0.0013853128558
2197 -7.0 -8.0 1 0.00122183051635
2198 -7.5 -8.0 1 0.00105504387264
2199 -8.0 -8.0 1 0.000936168211646
2200 -8.5 -8.0 1 0.000894792587181
2201 -9.0 -8.0 1 0.000948414373536
2202 -9.5 -8.0 1 0.00110191055995
2203 -10.0 -8.0 1 0.00128076904538
2204 -10.5 -8.0 1 0.00130163670639
2205 -11.0 -8.0 1 0.00131214786409
2206 -11.5 -8.0 1 0.00138349301197
2207 -12.0 -8.0 1 0.00137834796855
2208 0.0 -8.5 1 0.000475992798324
2209 0.5 -8.5 1 0.000474505806357
2210 1.0 -8.5 1 0.000483146447408
2211 1.5 -8.5 1 0.000483812277915
2212 2.0 -8.5 1 0.000502744563762
2213 2.5 -8.5 1 0.000514729760966
2214 3.0 -8.5 1 0.000530485323219
2215 3.5 -8.5 1 0.000539351803652
2216 4.0 -8.5 1 0.000580330635836
2217 4.5 -8.5 1 0.000606501725935
2218 5.0 -8.5 1 0.000654019697653
2219 5.5 -8.5 1 0.000728736941674
2220 6.0 -8.5 1 0.000805732199177
2221 6.5 -8.5 1 0.000836898824051
2222 7.0 -8.5 1 0.00085813396512
2223 7.5 -8.5 1 0.000841116782325
2224 8.0 -8.5 1 0.000877452779479
2225 8.5 -8.5 1 0.00090387340077
2226 9.0 -8.5 1 0.00088280868297
2227 9.5 -8.5 1 0.000893693470366
2228 10.0 -8.5 1 0.000941082258908
2229 10.5 -8.5 1 0.000896312560447
2230 11.0 -8.5 1 0.00100264360757
2231 11.5 -8.5 1 0.00155868956806
2232 -0.5 -8.5 1 0.000465320594585
2233 -1.0 -8.5 1 0.000478645625915
2234 -1.5 -8.5 1 0.000473989146771
2235 -2.0 -8.5 1 0.000459786367899
2236 -2.5 -8.5 1 0.000466771045436
2237 -3.0 -8.5 1 0.000483945627115
2238 -3.5 -8.5 1 0.000503892970289
2239 -4.0 -8.5 1 0.000540122491387
2240 -4.5 -8.5 1 0.000580331329302
2241 -5.0 -8.5 1 0.000766442839355
2242 -5.5 -8.5 1 0.00112934554841
2243 -6.0 -8.5 1 0.00140176690499
2244 -6.5 -8.5 1 0.00134305559124
2245 -7.0 -8.5 1 0.00108018218298
2246 -7.5 -8.5 1 0.00101768249698
2247 -8.0 -8.5 1 0.000956578251175
2248 -8.5 -8.5 1 0.000957291770577
2249 -9.0 -8.5 1 0.00102892919968
2250 -9.5 -8.5 1 0.00120718458519
2251 -10.0 -8.5 1 0.00129377213728
2252 -10.5 -8.5 1 0.00128259816891
2253 -11.0 -8.5 1 0.00136331330136
2254 -11.5 -8.5 1 0.00137660529766
2255 0.0 -9.0 1 0.000473247100208
2256 0.5 -9.0 1 0.000497065096087
2257 1.0 -9.0 1 0.000484929473885
2258 1.5 -9.0 1 0.000508093427813
2259 2.0 -9.0 1 0.000528795519734
2260 2.5 -9.0 1 0.000525565033818
2261 3.0 -9.0 1 0.000536735526393
2262 3.5 -9.0 1 0.000548190959172
2263 4.0 -9.0 1 0.000610912562952
2264 4.5 -9.0 1 0.000681583885477
2265 5.0 -9.0 1 0.000718040877595
2266 5.5 -9.0 1 0.000793349878946
2267 6.0 -9.0 1 0.000816058481613
2268 6.5 -9.0 1 0.000803788170906
2269 7.0 -9.0 1 0.00082347724434
2270 7.5 -9.0 1 0.000831982300918
2271 8.0 -9.0 1 0.000888197902641
2272 8.5 -9.0 1 0.000869580057358
2273 9.0 -9.0 1 0.000863234990665
2274 9.5 -9.0 1 0.000868570647077
2275 10.0 -9.0 1 0.00088907308522
2276 10.5 -9.0 1 0.000995165837949
2277 11.0 -9.0 1 0.00161697203895
2278 -0.5 -9.0 1 0.000474186743141
2279 -1.0 -9.0 1 0.000468710500393
2280 -1.5 -9.0 1 0.000495206863434
2281 -2.0 -9.0 1 0.000481455325961
2282 -2.5 -9.0 1 0.000484229343015
2283 -3.0 -9.0 1 0.000509059840453
2284 -3.5 -9.0 1 0.000554514912961
2285 -4.0 -9.0 1 0.000613096396265
2286 -4.5 -9.0 1 0.000721730327681
2287 -5.0 -9.0 1 0.00106950169529
2288 -5.5 -9.0 1 0.0013522841943
2289 -6.0 -9.0 1 0.00139579679101
2290 -6.5 -9.0 1 0.00115675577258
2291 -7.0 -9.0 1 0.00101701552125
2292 -7.5 -9.0 1 0.000961652982153
2293 -8.0 -9.0 1 0.000977734103745
2294 -8.5 -9.0 1 0.00104501314089
2295 -9.0 -9.0 1 0.00121793976051
2296 -9.5 -9.0 1 0.00130049891831
2297 -10.0 -9.0 1 0.00130125144859
2298 -10.5 -9.0 1 0.00133873512932
2299 -11.0 -9.0 1 0.00137490115963
2300 0.0 -9.5 1 0.000486830562569
2301 0.5 -9.5 1 0.000492400947801
2302 1.0 -9.5 1 0.00048516355061
2303 1.5 -9.5 1 0.000521207332138
2304 2.0 -9.5 1 0.000516540115652
2305 2.5 -9.5 1 0.000540510269324
2306 3.0 -9.5 1 0.00056065775301
2307 3.5 -9.5 1 0.000622142619319
2308 4.0 -9.5 1 0.000679964169844
2309 4.5 -9.5 1 0.000734233720177
2310 5.0 -9.5 1 0.000771066901477
2311 5.5 -9.5 1 0.000815733005907
2312 6.0 -9.5 1 0.00081882433688
2313 6.5 -9.5 1 0.000819502681503
2314 7.0 -9.5 1 0.000838796531407
2315 7.5 -9.5 1 0.000843472200933
2316 8.0 -9.5 1 0.000840191744418
2317 8.5 -9.5 1 0.000878288144863
2318 9.0 -9.5 1 0.000852757111941
2319 9.5 -9.5 1 0.000857578398601
2320 10.0 -9.5 1 0.00108011023571
2321 10.5 -9.5 1 0.00157071505538
2322 -0.5 -9.5 1 0.000486895047807
2323 -1.0 -9.5 1 0.000482764837223
2324 -1.5 -9.5 1 0.000494388641391
2325 -2.0 -9.5 1 0.000528112411634
2326 -2.5 -9.5 1 0.00053955994319
2327 -3.0 -9.5 1 0.000551115514387
2328 -3.5 -9.5 1 0.000599470017792
2329 -4.0 -9.5 1 0.000689679485442
2330 -4.5 -9.5 1 0.00103907966715
2331 -5.0 -9.5 1 0.00139733460644
2332 -5.5 -9.5 1 0.00145620734487
2333 -6.0 -9.5 1 0.0012162143815
2334 -6.5 -9.5 1 0.00107533160853
2335 -7.0 -9.5 1 0.00103266009167
2336 -7.5 -9.5 1 0.00101622146812
2337 -8.0 -9.5 1 0.00105621703414
2338 -8.5 -9.5 1 0.00117940224419
2339 -9.0 -9.5 1 0.00129668922541
2340 -9.5 -9.5 1 0.0013135895562
2341 -10.0 -9.5 1 0.00131634672321
2342 -10.5 -9.5 1 0.00136423886182
2343 0.0 -10.0 1 0.000515823400401
2344 0.5 -10.0 1 0.00050429628384
2345 1.0 -10.0 1 0.000538386306895
2346 1.5 -10.0 1 0.000539275418808
2347 2.0 -10.0 1 0.000576003170677
2348 2.5 -10.0 1 0.000607757014221
2349 3.0 -10.0 1 0.000636315457017
2350 3.5 -10.0 1 0.000712107376317
2351 4.0 -10.0 1 0.000710765494992
2352 4.5 -10.0 1 0.000794862299121
2353 5.0 -10.0 1 0.000772289548425
2354 5.5 -10.0 1 0.000818323312641
2355 6.0 -10.0 1 0.00079555254225
2356 6.5 -10.0 1 0.000802766964984
2357 7.0 -10.0 1 0.000826030053563
2358 7.5 -10.0 1 0.000850832353488
2359 8.0 -10.0 1 0.000842886400164
2360 8.5 -10.0 1 0.000846630304613
2361 9.0 -10.0 1 0.000884566565009
2362 9.5 -10.0 1 0.0012453213008
2363 10.0 -10.0 1 0.00158296006805
2364 -0.5 -10.0 1 0.000529225701822
2365 -1.0 -10.0 1 0.000525874708116
2366 -1.5 -10.0 1 0.000541702399915
2367 -2.0 -10.0 1 0.000542995207326
2368 -2.5 -10.0 1 0.000572727686736
2369 -3.0 -10.0 1 0.000625501902774
2370 -3.5 -10.0 1 0.000733225689605
2371 -4.0 -10.0 1 0.00108315690235
2372 -4.5 -10.0 1 0.0014550805549
2373 -5.0 -10.0 1 0.00154197441847
2374 -5.5 -10.0 1 0.00128768535647
2375 -6.0 -10.0 1 0.00115232806052
2376 -6.5 -10.0 1 0.00106214618841
2377 -7.0 -10.0 1 0.00104362784782
2378 -7.5 -10.0 1 0.00105333076127
2379 -8.0 -10.0 1 0.00118296478344
2380 -8.5 -10.0 1 0.0012852040436
2381 -9.0 -10.0 1 0.00130669118862
2382 -9.5 -10.0 1 0.00129791674744
2383 -10.0 -10.0 1 0.00133267300102
2384 0.0 -10.5 1 0.00057544901242
2385 0.5 -10.5 1 0.000583023246239
2386 1.0 -10.5 1 0.000608484414722
2387 1.5 -10.5 1 0.000628390402676
2388 2.0 -10.5 1 0.00064496514772
2389 2.5 -10.5 1 0.000691516391425
2390 3.0 -10.5 1 0.000730400458164
2391 3.5 -10.5 1 0.000767470208438
2392 4.0 -10.5 1 0.000769436743204
2393 4.5 -10.5 1 0.000800081622267
2394 5.0 -10.5 1 0.00079741097892
2395 5.5 -10.5 1 0.000802570646616
2396 6.0 -10.5 1 0.000814561669508
2397 6.5 -10.5 1 0.000796796812713
2398 7.0 -10.5 1 0.000818483662387
2399 7.5 -10.5 1 0.000805803193585
2400 8.0 -10.5 1 0.000848707052464
2401 8.5 -10.5 1 0.0009916378449
2402 9.0 -10.5 1 0.0014495523141
2403 9.5 -10.5 1 0.00152274315109
2404 -0.5 -10.5 1 0.000568301317372
2405 -1.0 -10.5 1 0.000587586528365
2406 -1.5 -10.5 1 0.000591630678548
2407 -2.0 -10.5 1 0.000620783331451
2408 -2.5 -10.5 1 0.000662781310161
2409 -3.0 -10.5 1 0.000850616435434
2410 -3.5 -10.5 1 0.0012265128188
2411 -4.0 -10.5 1 0.00152478663441
2412 -4.5 -10.5 1 0.00158768642468
2413 -5.0 -10.5 1 0.00136604790251
2414 -5.5 -10.5 1 0.00117827254952
2415 -6.0 -10.5 1 0.00111006613689
2416 -6.5 -10.5 1 0.00108101644966
2417 -7.0 -10.5 1 0.00106889757381
2418 -7.5 -10.5 1 0.00122279520841
2419 -8.0 -10.5 1 0.00128228028783
2420 -8.5 -10.5 1 0.00132999803106
2421 -9.0 -10.5 1 0.00130818253905
2422 -9.5 -10.5 1 0.00136974623344
2423 0.0 -11.0 1 0.000684025843748
2424 0.5 -11.0 1 0.000697062588614
2425 1.0 -11.0 1 0.000723041356679
2426 1.5 -11.0 1 0.000710254936923
2427 2.0 -11.0 1 0.000737038792624
2428 2.5 -11.0 1 0.00076676275199
2429 3.0 -11.0 1 0.000783990292665
2430 3.5 -11.0 1 0.000747390209934
2431 4.0 -11.0 1 0.000784879698315
2432 4.5 -11.0 1 0.000806789358297
2433 5.0 -11.0 1 0.000830310319517
2434 5.5 -11.0 1 0.000819787328474
2435 6.0 -11.0 1 0.000829753183683
2436 6.5 -11.0 1 0.000846748974131
2437 7.0 -11.0 1 0.000827014735627
2438 7.5 -11.0 1 0.000965463916759
2439 8.0 -11.0 1 0.00131765959151
2440 8.5 -11.0 1 0.00161335193357
2441 9.0 -11.0 1 0.00147710344216
2442 -0.5 -11.0 1 0.00070630896171
2443 -1.0 -11.0 1 0.000698422019382
2444 -1.5 -11.0 1 0.000727905874084
2445 -2.0 -11.0 1 0.00082992802207
2446 -2.5 -11.0 1 0.00114235214843
2447 -3.0 -11.0 1 0.00146876830874
2448 -3.5 -11.0 1 0.00168396326892
2449 -4.0 -11.0 1 0.00164895490602
2450 -4.5 -11.0 1 0.00142167846353
2451 -5.0 -11.0 1 0.00120105800245
2452 -5.5 -11.0 1 0.00114382828423
2453 -6.0 -11.0 1 0.00107745418364
2454 -6.5 -11.0 1 0.00112816570353
2455 -7.0 -11.0 1 0.0012178192076
2456 -7.5 -11.0 1 0.00130944357766
2457 -8.0 -11.0 1 0.00130557525143
2458 -8.5 -11.0 1 0.00133740836482
2459 -9.0 -11.0 1 0.00136493952096
2460 0.0 -11.5 1 0.000802169375551
2461 0.5 -11.5 1 0.000787034909783
2462 1.0 -11.5 1 0.00078977392908
2463 1.5 -11.5 1 0.000772608673214
2464 2.0 -11.5 1 0.000797028815997
2465 2.5 -11.5 1 0.000798184010687
2466 3.0 -11.5 1 0.000768622953419
2467 3.5 -11.5 1 0.000817045531818
2468 4.0 -11.5 1 0.000805088698972
2469 4.5 -11.5 1 0.000820158624298
2470 5.0 -11.5 1 0.000828348145074
2471 5.5 -11.5 1 0.000848695059296
2472 6.0 -11.5 1 0.000865597249105
2473 6.5 -11.5 1 0.00104629060361
2474 7.0 -11.5 1 0.00134548798881
2475 7.5 -11.5 1 0.00160769257971
2476 8.0 -11.5 1 0.00146431408882
2477 8.5 -11.5 1 0.00160248955758
2478 -0.5 -11.5 1 0.000853731851276
2479 -1.0 -11.5 1 0.000974046138326
2480 -1.5 -11.5 1 0.00121416762442
2481 -2.0 -11.5 1 0.00146904895924
2482 -2.5 -11.5 1 0.00167292126253
2483 -3.0 -11.5 1 0.0017348062951
2484 -3.5 -11.5 1 0.00156296513572
2485 -4.0 -11.5 1 0.00138427392025
2486 -4.5 -11.5 1 0.00122780763053
2487 -5.0 -11.5 1 0.0011287896113
2488 -5.5 -11.5 1 0.00108696768689
2489 -6.0 -11.5 1 0.00116753344226
2490 -6.5 -11.5 1 0.00126383623969
2491 -7.0 -11.5 1 0.00134404874368
2492 -7.5 -11.5 1 0.00132788762724
2493 -8.0 -11.5 1 0.00132119348487
2494 -8.5 -11.5 1 0.00139960309533
2495 0.0 -12.0 1 0.00120589586214
2496 0.5 -12.0 1 0.00106943923784
2497 1.0 -12.0 1 0.000970529421723
2498 1.5 -12.0 1 0.000880355456789
2499 2.0 -12.0 1 0.000873295459242
2500 2.5 -12.0 1 0.000874097775477
2501 3.0 -12.0 1 0.000863654342488
2502 3.5 -12.0 1 0.000898142261649
2503 4.0 -12.0 1 0.000934194284544
2504 4.5 -12.0 1 0.00102620700975
2505 5.0 -12.0 1 0.00114626107967
2506 5.5 -12.0 1 0.00136254479483
2507 6.0 -12.0 1 0.00157292222057
2508 6.5 -12.0 1 0.00164105726263
2509 7.0 -12.0 1 0.00146969015853
2510 7.5 -12.0 1 0.00155372769888
2511 8.0 -12.0 1 0.00169089666399
2512 -0.5 -12.0 1 0.00142220292296
2513 -1.0 -12.0 1 0.00161671154152
2514 -1.5 -12.0 1 0.00175051694977
2515 -2.0 -12.0 1 0.00176065727841
2516 -2.5 -12.0 1 0.00159937276483
2517 -3.0 -12.0 1 0.00143654379962
2518 -3.5 -12.0 1 0.00131758234583
2519 -4.0 -12.0 1 0.00121132466315
2520 -4.5 -12.0 1 0.00115114747184
2521 -5.0 -12.0 1 0.00118391698202
2522 -5.5 -12.0 1 0.00126011081985
2523 -6.0 -12.0 1 0.00135415254728
2524 -6.5 -12.0 1 0.00138593973385
2525 -7.0 -12.0 1 0.00133242383799
2526 -7.5 -12.0 1 0.0013688954039
2527 -8.0 -12.0 1 0.00139321941897
2528 0.0 -12.5 1 0.001726944761
2529 0.5 -12.5 1 0.00171570286772
2530 1.0 -12.5 1 0.00159532913388
2531 1.5 -12.5 1 0.00156421066319
2532 2.0 -12.5 1 0.00151097659374
2533 2.5 -12.5 1 0.0015232065757
2534 3.0 -12.5 1 0.00150711011851
2535 3.5 -12.5 1 0.00154060506971
2536 4.0 -12.5 1 0.00162610416155
2537 4.5 -12.5 1 0.00165865843498
2538 5.0 -12.5 1 0.00169599266565
2539 5.5 -12.5 1 0.00156650625691
2540 6.0 -12.5 1 0.00140878798326
2541 6.5 -12.5 1 0.00146084068283
2542 7.0 -12.5 1 0.00161629796812
2543 -0.5 -12.5 1 0.0017373778228
2544 -1.0 -12.5 1 0.0016636774527
2545 -1.5 -12.5 1 0.00154515213036
2546 -2.0 -12.5 1 0.00144027823977
2547 -2.5 -12.5 1 0.00136356979661
2548 -3.0 -12.5 1 0.00130459372673
2549 -3.5 -12.5 1 0.00123337869927
2550 -4.0 -12.5 1 0.00124512742461
2551 -4.5 -12.5 1 0.00129351978525
2552 -5.0 -12.5 1 0.00135253978717
2553 -5.5 -12.5 1 0.00139332931629
2554 -6.0 -12.5 1 0.00139241957104
2555 -6.5 -12.5 1 0.0014323543874
2556 -7.0 -12.5 1 0.00139156978606
2557 0.0 -13.0 1 0.00148847809354
2558 0.5 -13.0 1 0.00151290512027
2559 1.0 -13.0 1 0.00157229779935
2560 1.5 -13.0 1 0.00156228748023
2561 2.0 -13.0 1 0.00157308057674
2562 2.5 -13.0 1 0.00158091740395
2563 3.0 -13.0 1 0.00157050721211
2564 3.5 -13.0 1 0.00150822924338
2565 4.0 -13.0 1 0.0014443962656
2566 4.5 -13.0 1 0.00140928860818
2567 5.0 -13.0 1 0.0014024576209
2568 5.5 -13.0 1 0.00149589995131
2569 6.0 -13.0 1 0.00163307385936
2570 -0.5 -13.0 1 0.00143510760789
2571 -1.0 -13.0 1 0.00137049985761
2572 -1.5 -13.0 1 0.00136011400835
2573 -2.0 -13.0 1 0.00133026434831
2574 -2.5 -13.0 1 0.00126791696226
2575 -3.0 -13.0 1 0.00133567079468
2576 -3.5 -13.0 1 0.00135053783404
2577 -4.0 -13.0 1 0.0013694077727
2578 -4.5 -13.0 1 0.00137778997259
2579 -5.0 -13.0 1 0.00135201154092
2580 -5.5 -13.0 1 0.00137546311507
2581 -6.0 -13.0 1 0.00144226889662
2582 0.0 -13.5 1 0.00140741721681
2583 0.5 -13.5 1 0.0014223445345
2584 1.0 -13.5 1 0.00139289557034
2585 1.5 -13.5 1 0.0013649945995
2586 2.0 -13.5 1 0.00143056267654
2587 2.5 -13.5 1 0.00144746455369
2588 3.0 -13.5 1 0.00143981536617
2589 3.5 -13.5 1 0.0015107356363
2590 4.0 -13.5 1 0.00156043311706
2591 4.5 -13.5 1 0.00158277018248
2592 5.0 -13.5 1 0.00168477937351
2593 -0.5 -13.5 1 0.00138311011284
2594 -1.0 -13.5 1 0.00139416185575
2595 -1.5 -13.5 1 0.0014423573951
2596 -2.0 -13.5 1 0.0014608375681
2597 -2.5 -13.5 1 0.00152416684832
2598 -3.0 -13.5 1 0.00149799253034
2599 -3.5 -13.5 1 0.00148233237463
2600 -4.0 -13.5 1 0.00146957983551
2601 -4.5 -13.5 1 0.00148306949173
2602 -5.0 -13.5 1 0.00149463639796
2603 0.0 -14.0 1 0.0015621001615
2604 0.5 -14.0 1 0.00162711883029
2605 1.0 -14.0 1 0.00154794023053
2606 1.5 -14.0 1 0.00155037333479
2607 2.0 -14.0 1 0.00163979486821
2608 2.5 -14.0 1 0.00159571579188
2609 3.0 -14.0 1 0.00164294340022
2610 3.5 -14.0 1 0.00167731237327
2611 -0.5 -14.0 1 0.0014979851045
2612 -1.0 -14.0 1 0.00154365726104
2613 -1.5 -14.0 1 0.00159832055994
2614 -2.0 -14.0 1 0.00157121089927
2615 -2.5 -14.0 1 0.00156060305142
2616 -3.0 -14.0 1 0.00153945375028
2617 -3.5 -14.0 1 0.00154297096218
